 &plot nbnd=  10, nks=    51 /
            0.500000  0.500000  0.500000
  -3.401  -0.738   5.037   5.037   7.750   9.585   9.585  13.969  16.806  16.806
            0.450000  0.450000  0.450000
  -3.536  -0.541   5.055   5.055   7.771   9.606   9.606  14.000  16.111  16.111
            0.400000  0.400000  0.400000
  -3.853  -0.039   5.109   5.109   7.832   9.661   9.661  14.080  15.233  15.233
            0.350000  0.350000  0.350000
  -4.231   0.644   5.198   5.198   7.933   9.730   9.730  14.127  14.459  14.459
            0.300000  0.300000  0.300000
  -4.601   1.438   5.322   5.322   8.072   9.777   9.777  13.823  13.846  13.846
            0.250000  0.250000  0.250000
  -4.935   2.306   5.477   5.477   8.242   9.748   9.748  13.083  13.448  13.448
            0.200000  0.200000  0.200000
  -5.218   3.225   5.658   5.658   8.434   9.604   9.604  12.212  13.305  13.305
            0.150000  0.150000  0.150000
  -5.442   4.167   5.852   5.852   8.631   9.364   9.364  11.315  13.391  13.391
            0.100000  0.100000  0.100000
  -5.605   5.088   6.039   6.039   8.797   9.096   9.096  10.447  13.620  13.620
            0.050000  0.050000  0.050000
  -5.703   5.877   6.182   6.182   8.859   8.886   8.886   9.754  13.867  13.867
            0.000000  0.000000  0.000000
  -5.736   6.237   6.237   6.237   8.805   8.805   8.805   9.507  13.978  13.978
            0.000000  0.100000  0.000000
  -5.692   5.954   6.061   6.061   8.699   9.034   9.034   9.779  13.648  14.026
            0.000000  0.200000  0.000000
  -5.561   5.292   5.661   5.661   8.425   9.594   9.594  10.342  12.988  14.171
            0.000000  0.300000  0.000000
  -5.343   4.478   5.198   5.198   8.068  10.320  10.320  10.599  12.690  14.413
            0.000000  0.400000  0.000000
  -5.039   3.607   4.749   4.749   7.701  11.131  11.131  10.112  13.246  14.751
            0.000000  0.500000  0.000000
  -4.652   2.714   4.347   4.347   7.370  11.991  11.991   9.368  14.188  15.185
            0.000000  0.600000  0.000000
  -4.184   1.816   4.007   4.007   7.102  12.884  12.884   8.653  15.229  15.715
            0.000000  0.700000  0.000000
  -3.639   0.925   3.737   3.737   6.915  13.802  13.802   8.041  16.284  16.341
            0.000000  0.800000  0.000000
  -3.020   0.054   3.541   3.541   6.821  14.736  14.736   7.552  17.310  17.060
            0.000000  0.900000  0.000000
  -2.333  -0.787   3.423   3.423   6.831  15.667  15.667   7.190  17.873  17.884
            0.000000  1.000000  0.000000
  -1.586  -1.586   3.383   3.383   6.951  16.311  16.311   6.951  17.227  17.227
            0.000000  0.975000  0.075000
  -1.769  -1.385   3.310   3.317   7.046  15.910  16.125   7.132  16.934  17.162
            0.000000  0.950000  0.150000
  -1.924  -1.176   3.115   3.162   7.393  14.890  15.693   7.547  16.448  17.302
           -0.000000  0.925000  0.225000
  -2.048  -0.978   2.856   2.999   7.926  13.724  15.056   8.133  16.079  17.454
           -0.000000  0.900000  0.300000
  -2.138  -0.814   2.585   2.894   8.589   8.839  14.332  12.553  15.785  17.423
            0.000000  0.875000  0.375000
  -2.194  -0.709   2.338   2.894   9.342   9.620  13.602  11.432  15.508  17.164
            0.000000  0.850000  0.450000
  -2.217  -0.675   2.134   3.016  10.156  10.104  12.901  10.741  15.226  16.753
            0.000000  0.825000  0.525000
  -2.208  -0.705   1.985   3.243  10.983   9.256  12.273  11.529  14.932  16.253
           -0.000000  0.800000  0.600000
  -2.168  -0.780   1.900   3.523  11.354   8.403  12.177  12.504  14.630  15.708
           -0.000000  0.775000  0.675000
  -2.098  -0.882   1.883   3.759  10.884   7.752  12.977  13.522  14.335  15.156
            0.000000  0.750000  0.750000
  -2.001  -0.996   1.935   3.811  10.365   7.444  13.700  14.421  14.226  14.760
            0.000000  0.725000  0.775000
  -1.995  -0.998   1.940   3.774  10.369   7.498  13.552  14.158  14.373  15.024
            0.000000  0.700000  0.800000
  -1.977  -1.005   1.954   3.672  10.381   7.653  13.280  13.781  14.643  15.403
            0.000000  0.675000  0.825000
  -1.948  -1.018   1.977   3.521  10.400   7.894  12.984  13.398  14.934  15.785
            0.000000  0.650000  0.850000
  -1.908  -1.038   2.009   3.340  10.426   8.202  12.685  13.019  15.228  16.155
            0.000000  0.625000  0.875000
  -1.855  -1.067   2.050   3.147  10.457   8.560  12.390  12.647  15.518  16.498
            0.000000  0.600000  0.900000
  -1.792  -1.107   2.100   2.956  10.493   8.956  12.102  12.286  15.801  16.788
            0.000000  0.575000  0.925000
  -1.717  -1.161   2.159   2.778  10.529   9.379  11.828  11.937  16.073  16.988
            0.000000  0.550000  0.950000
  -1.630  -1.230   2.226   2.619  10.558   9.816  11.575  11.608  16.334  17.054
            0.000000  0.525000  0.975000
  -1.532  -1.317   2.302   2.487  10.563  10.241  11.362  11.325  16.578  16.977
            0.000000  0.500000  1.000000
  -1.422  -1.422   2.384   2.384  10.514  10.514  11.220  11.220  16.801  16.801
            0.000000  0.450000  0.900000
  -1.953  -0.919   2.186   2.776  10.150  10.214  10.887  12.435  15.779  17.129
           -0.000000  0.400000  0.800000
  -2.580  -0.330   2.257   3.245   9.633  10.014  10.653  14.011  14.684  16.401
           -0.000000  0.350000  0.700000
  -3.231   0.344   2.537   3.764   9.208   9.945  10.497  13.632  15.622  15.496
           -0.000000  0.300000  0.600000
  -3.851   1.102   2.973   4.298   8.892  10.024  10.391  12.647  16.973  14.676
            0.000000  0.250000  0.500000
  -4.405   1.942   3.524   4.809   8.686  10.114  10.440  11.736  14.002  16.426
            0.000000  0.200000  0.400000
  -4.874   2.858   4.156   5.265   8.587   9.945  10.842  10.903  13.446  15.037
            0.000000  0.150000  0.300000
  -5.247   3.837   4.829   5.650   8.587   9.659  11.216  10.154  12.899  14.220
           -0.000000  0.100000  0.200000
  -5.518   4.844   5.484   5.955   8.661   9.334  10.762   9.505  13.013  13.989
           -0.000000  0.050000  0.100000
  -5.681   5.773   6.015   6.162   8.758   9.018   9.886   9.009  13.640  13.969
            0.000000  0.000000  0.000000
  -5.736   6.237   6.237   6.237   8.805   8.805   8.805   9.507  13.978  13.978
