 &plot nbnd=  12, nks=    51 /
            0.500000  0.500000  0.500000
  -6.597  -2.708   2.198   2.198   4.386   7.431   7.431  10.895  14.196  14.466
  14.905  14.905
            0.450000  0.450000  0.450000
  -6.667  -2.584   2.215   2.215   4.401   7.422   7.422  10.775  13.847  14.916
  14.667  14.667
            0.400000  0.400000  0.400000
  -6.851  -2.240   2.269   2.269   4.448   7.392   7.392  10.425  13.560  15.457
  14.196  14.196
            0.350000  0.350000  0.350000
  -7.097  -1.729   2.357   2.357   4.522   7.329   7.329   9.891  13.430  15.835
  13.742  13.742
            0.300000  0.300000  0.300000
  -7.361  -1.099   2.476   2.476   4.618   7.217   7.217   9.241  13.382  15.930
  13.409  13.409
            0.250000  0.250000  0.250000
  -7.611  -0.385   2.622   2.622   4.726   7.050   7.050   8.536  13.299  15.826
  13.239  13.239
            0.200000  0.200000  0.200000
  -7.832   0.386   2.787   2.787   4.824   6.834   6.834   7.816  13.078  15.774
  13.240  13.240
            0.150000  0.150000  0.150000
  -8.011   1.193   2.957   2.957   4.868   6.595   6.595   7.129  12.727  15.898
  13.393  13.393
            0.100000  0.100000  0.100000
  -8.142   2.010   3.114   3.114   4.769   6.371   6.371   6.564  12.362  16.143
  13.651  13.651
            0.050000  0.050000  0.050000
  -8.222   2.790   3.228   3.228   4.424   6.208   6.208   6.239  12.097  16.385
  13.925  13.925
            0.000000  0.000000  0.000000
  -8.249   3.271   3.271   3.271   4.072   6.148   6.148   6.148  12.001  16.489
  14.055  14.055
            0.000000  0.100000  0.000000
  -8.213   2.761   3.148   3.148   4.560   6.088   6.310   6.310  12.129  13.684
  14.099  16.567
            0.000000  0.200000  0.000000
  -8.106   1.986   2.847   2.847   5.256   5.924   6.725   6.725  12.487  12.937
  14.231  16.799
            0.000000  0.300000  0.000000
  -7.930   1.191   2.473   2.473   5.703   5.871   7.286   7.286  12.189  13.034
  14.448  17.175
            0.000000  0.400000  0.000000
  -7.688   0.404   2.095   2.095   5.470   6.301   7.920   7.920  11.673  13.666
  14.748  17.670
            0.000000  0.500000  0.000000
  -7.386  -0.362   1.747   1.747   5.260   6.457   8.583   8.583  11.505  14.302
  15.123  18.209
            0.000000  0.600000  0.000000
  -7.035  -1.095   1.448   1.448   5.098   6.341   9.243   9.243  11.697  14.818
  15.563  18.555
            0.000000  0.700000  0.000000
  -6.653  -1.776   1.207   1.207   5.001   6.063   9.865   9.865  12.142  15.081
  16.044  18.358
            0.000000  0.800000  0.000000
  -6.273  -2.370   1.032   1.032   4.980   5.740  10.401  10.401  12.706  15.035
  16.524  17.864
            0.000000  0.900000  0.000000
  -5.965  -2.807   0.925   0.925   5.037   5.451  10.778  10.778  13.268  14.760
  16.912  17.449
            0.000000  1.000000  0.000000
  -5.838  -2.976   0.889   0.889   5.123   5.284  10.917  10.917  13.576  14.542
  17.069  17.291
            0.000000  0.975000  0.075000
  -5.844  -2.957   0.846   0.857   5.205   5.389  10.825  10.859  13.492  14.495
  16.692  17.367
            0.000000  0.950000  0.150000
  -5.860  -2.905   0.726   0.779   5.451   5.677  10.526  10.704  13.313  14.354
  16.360  17.558
           -0.000000  0.925000  0.225000
  -5.882  -2.833   0.557   0.696   5.838   6.097  10.015  10.479  13.125  14.154
  16.155  17.789
           -0.000000  0.900000  0.300000
  -5.905  -2.760   0.370   0.648   6.334   6.592   9.364  10.200  12.920  13.981
  16.030  18.009
            0.000000  0.875000  0.375000
  -5.925  -2.705   0.192   0.667   6.900   7.063   8.715   9.882  12.663  13.899
  15.927  18.190
            0.000000  0.850000  0.450000
  -5.937  -2.679   0.041   0.761   7.163   7.509   8.438   9.546  12.374  13.899
  15.805  18.341
            0.000000  0.825000  0.525000
  -5.940  -2.685  -0.070   0.919   6.692   8.073   8.742   9.266  12.096  13.953
  15.649  18.503
           -0.000000  0.800000  0.600000
  -5.932  -2.714  -0.133   1.099   6.124   8.323   9.084   9.359  11.877  14.061
  15.468  18.716
           -0.000000  0.775000  0.675000
  -5.914  -2.755  -0.144   1.234   5.688   8.094   9.503   9.678  11.775  14.249
  15.278  18.966
            0.000000  0.750000  0.750000
  -5.888  -2.797  -0.102   1.246   5.493   7.749   9.844   9.854  11.868  14.513
  15.110  19.067
            0.000000  0.725000  0.775000
  -5.886  -2.797  -0.098   1.225   5.530   7.750   9.783   9.867  11.892  14.491
  15.142  18.997
            0.000000  0.700000  0.800000
  -5.881  -2.797  -0.087   1.163   5.637   7.755   9.675   9.834  11.961  14.434
  15.225  18.852
            0.000000  0.675000  0.825000
  -5.872  -2.797  -0.069   1.069   5.807   7.761   9.535   9.755  12.063  14.358
  15.340  18.692
            0.000000  0.650000  0.850000
  -5.860  -2.797  -0.043   0.952   6.030   7.769   9.374   9.639  12.187  14.273
  15.468  18.537
            0.000000  0.625000  0.875000
  -5.846  -2.799  -0.011   0.824   6.293   7.776   9.199   9.496  12.320  14.185
  15.597  18.397
            0.000000  0.600000  0.900000
  -5.832  -2.801   0.027   0.694   6.586   7.779   9.018   9.338  12.451  14.099
  15.713  18.278
            0.000000  0.575000  0.925000
  -5.817  -2.804   0.070   0.571   6.895   7.775   8.838   9.179  12.569  14.021
  15.807  18.184
            0.000000  0.550000  0.950000
  -5.805  -2.807   0.116   0.464   7.203   7.755   8.669   9.036  12.661  13.959
  15.872  18.120
            0.000000  0.525000  0.975000
  -5.796  -2.811   0.158   0.382   7.477   7.715   8.531   8.928  12.719  13.921
  15.908  18.084
            0.000000  0.500000  1.000000
  -5.792  -2.812   0.177   0.350   7.629   7.661   8.472   8.883  12.737  13.910
  15.917  18.074
            0.000000  0.450000  0.900000
  -5.859  -2.754   0.082   0.583   7.328   7.508   8.476   9.350  12.542  13.944
  15.852  18.211
           -0.000000  0.400000  0.800000
  -6.077  -2.538   0.131   0.932   7.038   7.110   8.416   9.872  12.485  13.730
  15.855  18.361
           -0.000000  0.350000  0.700000
  -6.415  -2.142   0.351   1.315   6.740   6.777   8.420   9.697  12.810  13.482
  15.741  18.194
           -0.000000  0.300000  0.600000
  -6.810  -1.589   0.705   1.706   6.447   6.524   8.466   9.130  12.518  13.900
  15.291  17.888
            0.000000  0.250000  0.500000
  -7.205  -0.907   1.158   2.084   6.238   6.262   8.417   8.503  12.139  14.068
  14.712  17.520
            0.000000  0.200000  0.400000
  -7.560  -0.120   1.674   2.435   5.964   6.117   7.802   8.214  12.042  13.745
  14.268  17.114
            0.000000  0.150000  0.300000
  -7.854   0.752   2.215   2.749   5.617   6.074   7.197   7.648  12.350  13.176
  14.045  16.782
           -0.000000  0.100000  0.200000
  -8.071   1.682   2.724   3.013   5.185   6.090   6.676   6.933  12.587  12.972
  13.997  16.577
           -0.000000  0.050000  0.100000
  -8.204   2.624   3.116   3.201   4.600   6.129   6.296   6.358  12.160  13.676
  14.031  16.499
            0.000000  0.000000  0.000000
  -8.249   3.271   3.271   3.271   4.072   6.148   6.148   6.148  12.001  14.055
  14.055  16.489
