 &plot nbnd=  24, nks=    51 /
            0.500000  0.500000  0.500000
  -3.401  -0.738   5.037   5.037   7.750   9.585   9.585  13.969  16.806  16.806
  17.512  17.562  17.562  19.061  25.451  26.093  27.897  27.897  28.019  28.019
  31.865  32.662  32.662  33.348
            0.450000  0.450000  0.450000
  -3.536  -0.541   5.055   5.055   7.771   9.606   9.606  14.000  16.111  16.111
  17.044  18.332  18.332  19.502  24.250  27.402  26.672  26.672  29.094  29.094
  31.192  32.726  32.726  33.461
            0.400000  0.400000  0.400000
  -3.853  -0.039   5.109   5.109   7.832   9.661   9.661  14.080  15.233  15.233
  16.227  19.428  19.428  20.127  23.060  29.013  25.384  25.384  29.875  29.875
  29.948  32.801  32.801  33.993
            0.350000  0.350000  0.350000
  -4.231   0.644   5.198   5.198   7.933   9.730   9.730  14.127  14.459  14.459
  15.459  20.520  20.520  20.037  22.736  28.526  24.215  24.215  30.231  30.231
  30.763  32.774  32.774  35.084
            0.300000  0.300000  0.300000
  -4.601   1.438   5.322   5.322   8.072   9.777   9.777  13.823  13.846  13.846
  15.096  21.248  21.248  19.103  23.358  27.242  23.531  23.531  30.312  30.312
  32.440  32.682  32.682  35.342
            0.250000  0.250000  0.250000
  -4.935   2.306   5.477   5.477   8.242   9.748   9.748  13.083  13.448  13.448
  15.203  20.880  20.880  18.026  24.115  26.203  24.072  24.072  30.271  30.271
  33.907  32.561  32.561  35.160
            0.200000  0.200000  0.200000
  -5.218   3.225   5.658   5.658   8.434   9.604   9.604  12.212  13.305  13.305
  15.357  19.985  19.985  17.155  24.074  26.144  25.271  25.271  30.190  30.190
  34.005  32.425  32.425  35.942
            0.150000  0.150000  0.150000
  -5.442   4.167   5.852   5.852   8.631   9.364   9.364  11.315  13.391  13.391
  15.168  19.073  19.073  16.850  23.253  27.002  26.610  26.610  30.114  30.114
  33.414  32.278  32.278  35.744
            0.100000  0.100000  0.100000
  -5.605   5.088   6.039   6.039   8.797   9.097   9.097  10.447  13.620  13.620
  14.683  18.279  18.279  17.060  22.424  28.003  27.927  27.927  30.085  30.085
  32.696  32.098  32.098  35.599
            0.050000  0.050000  0.050000
  -5.703   5.877   6.182   6.182   8.859   8.886   8.886   9.754  13.867  13.867
  14.289  17.708  17.708  17.357  21.813  28.903  28.979  28.979  30.200  30.200
  31.982  31.836  31.836  35.509
            0.000000  0.000000  0.000000
  -5.736   6.237   6.237   6.237   8.805   8.805   8.805   9.507  13.978  13.978
  14.145  17.491  17.491  17.491  21.580  29.342  29.342  29.342  30.439  30.439
  31.608  31.608  31.608  35.479
            0.000000  0.100000  0.000000
  -5.692   5.954   6.061   6.061   8.699   9.034   9.034   9.779  13.648  14.026
  14.337  17.567  17.567  17.716  21.899  28.693  28.693  29.397  29.913  30.007
  31.897  32.021  32.021  35.812
            0.000000  0.200000  0.000000
  -5.561   5.292   5.661   5.661   8.425   9.594   9.594  10.342  12.988  14.171
  14.868  17.795  17.795  18.184  22.795  27.453  27.453  29.566  28.742  29.177
  32.306  32.591  32.591  36.771
            0.000000  0.300000  0.000000
  -5.343   4.478   5.198   5.198   8.068  10.320  10.320  10.599  12.690  14.413
  15.646  18.169  18.169  18.709  24.108  26.106  26.106  29.870  27.370  28.232
  32.570  32.994  32.994  38.146
            0.000000  0.400000  0.000000
  -5.039   3.607   4.749   4.749   7.701  11.131  11.131  10.112  13.246  14.751
  16.588  18.674  18.674  19.288  25.635  24.791  24.791  30.355  25.965  27.253
  32.608  33.265  33.265  37.073
            0.000000  0.500000  0.000000
  -4.652   2.714   4.347   4.347   7.370  11.992  11.992   9.368  14.188  15.185
  17.621  19.256  19.256  19.960  27.163  23.602  23.602  31.124  24.589  26.300
  32.317  33.316  33.316  35.626
            0.000000  0.600000  0.000000
  -4.184   1.816   4.007   4.007   7.102  12.885  12.885   8.653  15.229  15.715
  18.658  19.720  19.720  20.756  28.462  22.749  22.749  32.284  23.271  25.453
  31.550  32.596  32.596  34.372
            0.000000  0.700000  0.000000
  -3.639   0.925   3.737   3.737   6.915  13.802  13.802   8.041  16.284  16.341
  19.538  19.582  19.582  21.693  29.430  22.719  22.719  32.204  22.024  24.861
  30.311  31.091  31.091  33.711
            0.000000  0.800000  0.000000
  -3.020   0.054   3.541   3.541   6.821  14.736  14.736   7.552  17.310  17.060
  19.971  18.820  18.820  22.772  29.930  23.533  23.533  30.758  20.856  24.777
  28.866  29.415  29.415  32.999
            0.000000  0.900000  0.000000
  -2.333  -0.787   3.423   3.423   6.831  15.667  15.667   7.190  18.276  17.873
  19.775  17.884  17.884  23.960  28.691  24.742  24.742  31.059  19.773  25.230
  27.568  27.768  27.768  32.341
            0.000000  1.000000  0.000000
  -1.586  -1.586   3.383   3.383   6.951  16.311  16.311   6.951  19.134  18.778
  19.134  17.227  17.227  25.080  25.080  25.964  25.964  27.457  18.778  27.457
  26.408  26.408  31.694  31.694
            0.000000  0.975000  0.075000
  -1.769  -1.385   3.310   3.317   7.046  15.910  16.125   7.132  16.934  17.162
  18.674  19.137  19.292  19.706  24.476  24.995  25.617  25.980  26.663  26.827
  27.621  27.925  31.281  31.600
            0.000000  0.950000  0.150000
  -1.924  -1.176   3.115   3.162   7.393  14.890  15.693   7.547  16.448  17.302
  18.531  19.417  19.936  20.832  23.598  24.607  25.211  26.121  27.031  27.108
  28.516  28.712  30.530  31.195
           -0.000000  0.925000  0.225000
  -2.048  -0.978   2.856   2.999   7.926  13.724  15.056   8.133  16.079  17.454
  18.437  19.689  20.676  22.057  22.788  24.103  25.028  26.247  27.427  27.276
  29.286  29.596  29.740  31.075
           -0.000000  0.900000  0.300000
  -2.138  -0.814   2.585   2.894   8.589   8.839  14.332  12.553  15.785  17.423
  18.520  19.969  21.369  23.050  22.178  23.845  25.016  26.381  27.404  27.323
  29.194  30.458  29.443  32.002
            0.000000  0.875000  0.375000
  -2.194  -0.709   2.338   2.894   9.342   9.620  13.602  11.432  15.508  17.164
  18.797  20.257  21.466  22.975  22.328  24.533  25.290  26.500  26.707  27.041
  28.994  29.955  31.170  33.422
            0.000000  0.850000  0.450000
  -2.217  -0.675   2.134   3.016  10.156  10.104  12.901  10.741  15.226  16.753
  19.177  20.551  21.217  22.695  22.985  24.956  26.080  25.619  26.800  26.469
  29.022  30.742  31.623  33.781
            0.000000  0.825000  0.525000
  -2.208  -0.705   1.985   3.243  10.983   9.256  12.273  11.529  14.932  16.253
  19.609  20.856  21.114  22.488  23.574  25.199  25.537  24.632  27.078  27.222
  29.032  31.035  32.222  33.287
           -0.000000  0.800000  0.600000
  -2.168  -0.780   1.900   3.523  11.354   8.403  12.177  12.504  14.630  15.708
  20.068  21.180  21.167  22.348  23.233  24.559  25.610  24.555  27.408  28.082
  28.785  30.490  32.591  32.938
           -0.000000  0.775000  0.675000
  -2.098  -0.882   1.883   3.759  10.884   7.752  12.977  13.522  14.335  15.156
  20.528  21.530  21.341  22.208  22.253  23.723  25.943  25.146  27.757  28.184
  28.816  29.581  31.898  32.515
            0.000000  0.750000  0.750000
  -2.001  -0.996   1.935   3.811  10.365   7.444  13.700  14.421  14.226  14.760
  20.875  21.677  21.144  22.100  21.871  23.149  26.111  25.764  27.850  27.718
  29.201  28.839  31.365  32.094
            0.000000  0.725000  0.775000
  -1.995  -0.998   1.940   3.774  10.369   7.498  13.552  14.158  14.373  15.024
  20.638  21.557  21.333  22.194  21.940  23.188  26.038  25.764  27.704  27.788
  29.171  28.982  31.376  32.083
            0.000000  0.700000  0.800000
  -1.977  -1.005   1.954   3.672  10.381   7.653  13.280  13.781  14.643  15.403
  20.296  21.325  21.517  22.353  22.160  23.300  25.852  25.762  27.395  27.963
  29.077  29.279  31.409  32.059
            0.000000  0.675000  0.825000
  -1.948  -1.018   1.977   3.521  10.400   7.894  12.984  13.398  14.934  15.785
  19.953  21.060  21.633  22.508  22.493  23.470  25.610  25.758  27.040  28.186
  28.910  29.600  31.475  32.051
            0.000000  0.650000  0.850000
  -1.908  -1.038   2.009   3.340  10.426   8.202  12.686  13.019  15.228  16.155
  19.627  20.784  21.733  22.653  22.876  23.675  25.353  25.753  26.675  28.379
  28.698  29.888  31.595  32.090
            0.000000  0.625000  0.875000
  -1.855  -1.067   2.050   3.147  10.457   8.560  12.390  12.647  15.518  16.498
  19.330  20.505  21.841  22.789  23.278  23.891  25.115  25.746  26.315  28.209
  28.757  30.101  31.792  32.201
            0.000000  0.600000  0.900000
  -1.792  -1.107   2.101   2.956  10.493   8.956  12.102  12.286  15.801  16.788
  19.087  20.228  21.967  22.908  23.685  24.090  24.938  25.729  25.973  27.793
  28.977  30.217  32.078  32.392
            0.000000  0.575000  0.925000
  -1.717  -1.161   2.159   2.778  10.529   9.379  11.828  11.937  16.073  16.988
  18.933  19.955  22.115  22.981  24.088  24.239  24.881  25.582  25.779  27.305
  29.203  30.235  32.442  32.657
            0.000000  0.550000  0.950000
  -1.630  -1.230   2.226   2.619  10.558   9.816  11.575  11.608  16.334  17.054
  18.907  19.691  22.286  22.971  24.472  24.351  24.958  25.278  25.773  26.784
  29.424  30.172  32.860  32.984
            0.000000  0.525000  0.975000
  -1.532  -1.317   2.302   2.487  10.563  10.241  11.362  11.325  16.578  16.977
  19.015  19.441  22.477  22.864  24.810  24.505  25.077  24.985  25.815  26.280
  29.640  30.040  33.309  33.361
            0.000000  0.500000  1.000000
  -1.422  -1.422   2.384   2.384  10.514  10.514  11.220  11.220  16.801  16.801
  19.209  19.209  22.682  22.682  24.724  24.724  25.054  25.936  25.054  25.936
  29.852  29.852  33.730  33.730
            0.000000  0.450000  0.900000
  -1.953  -0.919   2.186   2.776  10.150  10.214  10.887  12.435  15.779  17.129
  18.835  20.152  21.708  22.964  23.558  24.547  25.647  25.839  26.079  26.507
  29.100  30.679  31.752  34.043
           -0.000000  0.400000  0.800000
  -2.580  -0.330   2.257   3.245   9.633  10.014  10.653  14.011  14.684  16.401
  19.499  20.645  20.732  22.649  21.783  24.911  26.313  25.984  27.600  26.821
  29.168  29.672  32.036  33.910
           -0.000000  0.350000  0.700000
  -3.231   0.344   2.537   3.764   9.208   9.945  10.497  13.632  15.622  15.496
  19.617  20.290  19.775  22.913  20.890  24.073  26.924  25.909  27.577  28.256
  29.839  30.005  33.223  33.598
           -0.000000  0.300000  0.600000
  -3.851   1.102   2.973   4.298   8.892  10.024  10.391  12.647  16.973  14.676
  18.051  19.917  18.971  22.062  21.682  24.445  27.374  25.129  26.987  30.217
  30.539  31.351  32.019  34.528
            0.000000  0.250000  0.500000
  -4.405   1.942   3.524   4.809   8.686  10.114  10.440  11.736  17.297  14.002
  16.426  20.080  18.345  21.286  22.092  25.458  27.844  24.398  26.762  31.102
  32.228  29.609  33.941  34.878
            0.000000  0.200000  0.400000
  -4.874   2.858   4.156   5.265   8.587   9.945  10.842  10.903  16.721  13.446
  15.037  19.247  17.870  22.634  21.277  26.578  28.347  24.872  26.035  31.557
  33.556  28.714  34.870  35.418
            0.000000  0.150000  0.300000
  -5.247   3.837   4.829   5.650   8.587   9.659  11.216  10.154  15.871  12.899
  14.220  18.428  17.566  24.575  20.050  27.737  28.887  24.336  26.282  31.897
  33.357  28.699  34.096  37.066
           -0.000000  0.100000  0.200000
  -5.518   4.844   5.484   5.955   8.661   9.334  10.762   9.505  15.018  13.013
  13.989  17.887  17.440  26.602  18.869  28.880  29.457  22.985  27.502  32.063
  32.713  28.960  33.113  36.481
           -0.000000  0.050000  0.100000
  -5.681   5.773   6.015   6.162   8.758   9.018   9.886   9.009  14.383  13.640
  13.969  17.587  17.455  28.448  17.910  29.899  30.027  21.968  28.697  31.916
  32.036  29.227  32.154  35.755
            0.000000  0.000000  0.000000
  -5.736   6.237   6.237   6.237   8.805   8.805   8.805  14.145  17.491   9.507
  13.978  17.491  13.978  29.342  17.491  29.342  29.342  21.580  31.608  30.439
  30.439  31.608  31.608  35.479
