 &plot nbnd=  12, nks=    51 /
            0.500000  0.500000  0.500000
  -5.203  -1.572   3.799   3.799   6.373   9.220   9.220  13.530  16.197  16.555
  16.555  16.953
            0.450000  0.450000  0.450000
  -5.290  -1.427   3.816   3.816   6.395   9.231   9.231  13.489  15.719  15.785
  15.785  17.802
            0.400000  0.400000  0.400000
  -5.513  -1.032   3.867   3.867   6.459   9.255   9.255  13.286  15.124  14.952
  14.952  18.620
            0.350000  0.350000  0.350000
  -5.802  -0.456   3.949   3.949   6.564   9.274   9.274  12.765  14.871  14.249
  14.249  18.972
            0.300000  0.300000  0.300000
  -6.105   0.243   4.061   4.061   6.705   9.256   9.256  11.996  14.920  13.720
  13.720  18.464
            0.250000  0.250000  0.250000
  -6.389   1.026   4.197   4.197   6.871   9.167   9.167  11.134  15.082  13.402
  13.402  17.614
            0.200000  0.200000  0.200000
  -6.635   1.867   4.351   4.351   7.042   8.996   8.996  10.257  15.144  13.307
  13.307  16.950
            0.150000  0.150000  0.150000
  -6.834   2.741   4.508   4.508   7.174   8.771   8.771   9.422  14.855  13.402
  13.402  16.808
            0.100000  0.100000  0.100000
  -6.979   3.612   4.651   4.651   7.158   8.545   8.545   8.740  14.378  13.614
  13.614  17.044
            0.050000  0.050000  0.050000
  -7.067   4.396   4.753   4.753   6.854   8.379   8.379   8.392  14.008  13.836
  13.836  17.330
            0.000000  0.000000  0.000000
  -7.097   4.790   4.790   4.790   6.584   8.318   8.318   8.318  13.873  13.934
  13.934  17.457
            0.000000  0.100000  0.000000
  -7.057   4.391   4.675   4.675   6.972   8.226   8.484   8.484  13.633  13.981
  14.054  17.531
            0.000000  0.200000  0.000000
  -6.939   3.623   4.384   4.384   7.634   8.038   8.925   8.925  12.975  14.124
  14.556  17.753
            0.000000  0.300000  0.000000
  -6.744   2.780   4.014   4.014   7.574   8.433   9.542   9.542  12.351  14.362
  15.295  18.111
            0.000000  0.400000  0.000000
  -6.475   1.930   3.635   3.635   7.241   8.741  10.265  10.265  12.131  14.695
  16.185  18.579
            0.000000  0.500000  0.000000
  -6.137   1.092   3.283   3.283   6.927   8.557  11.052  11.052  12.514  15.121
  17.139  19.068
            0.000000  0.600000  0.000000
  -5.736   0.279   2.978   2.978   6.672   8.098  11.881  11.881  13.289  15.640
  18.040  19.304
            0.000000  0.700000  0.000000
  -5.289  -0.493   2.733   2.733   6.493   7.600  12.734  12.734  14.219  16.251
  18.669  18.914
            0.000000  0.800000  0.000000
  -4.824  -1.191   2.555   2.555   6.403   7.164  13.583  13.583  15.178  16.948
  18.121  18.121
            0.000000  0.900000  0.000000
  -4.414  -1.741   2.446   2.446   6.404   6.836  14.351  14.351  16.061  17.716
  17.317  17.317
            0.000000  1.000000  0.000000
  -4.230  -1.971   2.410   2.410   6.446   6.684  14.736  14.736  16.534  16.912
  16.912  18.028
            0.000000  0.975000  0.075000
  -4.240  -1.948   2.356   2.367   6.551   6.807  14.488  14.603  16.086  16.648
  17.317  18.194
            0.000000  0.950000  0.150000
  -4.265  -1.883   2.210   2.263   6.856   7.151  13.720  14.283  15.637  16.425
  17.558  18.371
           -0.000000  0.925000  0.225000
  -4.299  -1.794   2.008   2.153   7.327   7.661  12.699  13.824  15.218  16.398
  17.600  18.668
           -0.000000  0.900000  0.300000
  -4.334  -1.704   1.789   2.086   7.923   8.292  11.629  13.265  14.848  16.354
  17.672  18.989
            0.000000  0.875000  0.375000
  -4.362  -1.637   1.585   2.098   8.602   9.001  10.598  12.659  14.521  16.175
  17.858  19.317
            0.000000  0.850000  0.450000
  -4.379  -1.607   1.414   2.200   9.152   9.652   9.934  12.061  14.212  15.866
  18.139  19.654
            0.000000  0.825000  0.525000
  -4.381  -1.615   1.290   2.380   8.542  10.280  10.542  11.580  13.908  15.472
  18.468  20.003
           -0.000000  0.800000  0.600000
  -4.369  -1.652   1.220   2.593   7.796  10.556  11.174  11.781  13.606  15.050
  18.801  20.363
           -0.000000  0.775000  0.675000
  -4.343  -1.704   1.208   2.761   7.240  10.122  12.024  12.486  13.321  14.698
  19.065  20.698
            0.000000  0.750000  0.750000
  -4.306  -1.758   1.256   2.787   6.983   9.646  12.705  12.969  13.229  14.664
  19.070  20.689
            0.000000  0.725000  0.775000
  -4.303  -1.758   1.260   2.760   7.027   9.650  12.568  12.892  13.365  14.741
  19.008  20.634
            0.000000  0.700000  0.800000
  -4.296  -1.759   1.272   2.686   7.157   9.660  12.310  12.693  13.619  14.937
  18.845  20.424
            0.000000  0.675000  0.825000
  -4.284  -1.761   1.292   2.573   7.361   9.677  12.028  12.428  13.895  15.195
  18.628  20.151
            0.000000  0.650000  0.850000
  -4.268  -1.764   1.320   2.435   7.628   9.700  11.740  12.132  14.173  15.471
  18.394  19.866
            0.000000  0.625000  0.875000
  -4.249  -1.768   1.355   2.286   7.944   9.728  11.455  11.826  14.447  15.733
  18.173  19.581
            0.000000  0.600000  0.900000
  -4.229  -1.774   1.397   2.135   8.299   9.760  11.175  11.520  14.711  15.951
  17.998  19.303
            0.000000  0.575000  0.925000
  -4.209  -1.781   1.446   1.994   8.680   9.792  10.906  11.223  14.961  16.087
  17.905  19.035
            0.000000  0.550000  0.950000
  -4.191  -1.788   1.498   1.870   9.071   9.819  10.656  10.948  15.188  16.118
  17.917  18.785
            0.000000  0.525000  0.975000
  -4.178  -1.795   1.548   1.775   9.428   9.838  10.451  10.715  15.370  16.069
  18.013  18.569
            0.000000  0.500000  1.000000
  -4.173  -1.798   1.573   1.734   9.587   9.863  10.366  10.595  15.448  16.028
  18.089  18.461
            0.000000  0.450000  0.900000
  -4.270  -1.712   1.461   2.002   9.247   9.641  10.097  11.622  14.720  16.163
  17.862  19.220
           -0.000000  0.400000  0.800000
  -4.568  -1.417   1.515   2.390   8.831   9.351   9.899  12.978  13.810  15.567
  18.441  19.762
           -0.000000  0.350000  0.700000
  -4.999  -0.927   1.756   2.814   8.467   9.128   9.841  12.603  14.297  15.185
  18.316  19.315
           -0.000000  0.300000  0.600000
  -5.473  -0.284   2.140   3.242   8.191   8.942   9.921  11.693  13.806  16.193
  16.935  18.873
            0.000000  0.250000  0.500000
  -5.930   0.480   2.626   3.647   8.013   8.737  10.118  10.840  13.160  15.518
  16.764  18.281
            0.000000  0.200000  0.400000
  -6.332   1.343   3.176   4.008   7.928   8.481  10.066  10.283  12.614  14.582
  16.303  17.813
            0.000000  0.150000  0.300000
  -6.660   2.288   3.741   4.317   7.872   8.220   9.396   9.973  12.525  14.109
  15.504  17.515
           -0.000000  0.100000  0.200000
  -6.901   3.284   4.260   4.564   7.577   8.178   8.844   9.196  13.006  13.952
  14.697  17.397
           -0.000000  0.050000  0.100000
  -7.048   4.249   4.644   4.730   7.013   8.269   8.461   8.539  13.627  13.930
  14.097  17.419
            0.000000  0.000000  0.000000
  -7.097   4.790   4.790   4.790   6.584   8.318   8.318   8.318  13.873  13.934
  13.934  17.457
