 &plot nbnd=  12, nks=    51 /
            0.500000  0.500000  0.500000
  -6.058  -3.676   0.967   0.967   3.268   5.884   5.884   8.386  12.042  12.700
  14.342  14.342
            0.450000  0.450000  0.450000
  -6.167  -3.518   0.984   0.984   3.280   5.869   5.869   8.293  11.925  12.892
  14.244  14.244
            0.400000  0.400000  0.400000
  -6.429  -3.110   1.036   1.036   3.314   5.822   5.822   8.027  11.759  13.257
  14.011  14.011
            0.350000  0.350000  0.350000
  -6.745  -2.552   1.121   1.121   3.369   5.737   5.737   7.626  11.637  13.628
  13.764  13.764
            0.300000  0.300000  0.300000
  -7.059  -1.907   1.235   1.235   3.439   5.610   5.610   7.133  11.532  13.952
  13.591  13.591
            0.250000  0.250000  0.250000
  -7.343  -1.206   1.376   1.376   3.518   5.440   5.440   6.587  11.388  14.239
  13.544  13.544
            0.200000  0.200000  0.200000
  -7.585  -0.472   1.533   1.533   3.589   5.237   5.237   6.019  11.174  14.545
  13.646  13.646
            0.150000  0.150000  0.150000
  -7.778   0.274   1.696   1.696   3.622   5.021   5.021   5.465  10.909  14.913
  13.901  13.901
            0.100000  0.100000  0.100000
  -7.918   1.003   1.845   1.845   3.552   4.823   4.823   4.995  10.650  15.333
  14.297  14.297
            0.050000  0.050000  0.050000
  -8.003   1.655   1.952   1.952   3.313   4.680   4.680   4.710  10.461  15.727
  14.807  14.807
            0.000000  0.000000  0.000000
  -8.031   1.992   1.992   1.992   3.103   4.627   4.627   4.627  10.393  15.907
  15.211  15.211
            0.000000  0.100000  0.000000
  -7.993   1.657   1.879   1.879   3.404   4.583   4.767   4.767  10.485  14.318
  15.262  15.995
            0.000000  0.200000  0.000000
  -7.880   1.033   1.598   1.598   3.915   4.462   5.125   5.125  10.741  13.186
  15.412  16.254
            0.000000  0.300000  0.000000
  -7.693   0.345   1.248   1.248   4.386   4.297   5.601   5.601  11.114  12.193
  15.663  16.673
            0.000000  0.400000  0.000000
  -7.433  -0.364   0.891   0.891   4.734   4.120   6.128   6.128  11.537  11.430
  16.015  17.222
            0.000000  0.500000  0.000000
  -7.102  -1.080   0.560   0.560   4.903   3.963   6.663   6.663  11.934  10.957
  16.466  17.815
            0.000000  0.600000  0.000000
  -6.705  -1.798   0.274   0.274   4.880   3.846   7.177   7.177  12.231  10.789
  17.018  18.192
            0.000000  0.700000  0.000000
  -6.244  -2.509   0.043   0.043   4.708   3.785   7.637   7.637  12.367  10.875
  17.670  18.088
            0.000000  0.800000  0.000000
  -5.725  -3.209  -0.126  -0.126   4.466   3.790   8.010   8.010  12.323  11.130
  17.766  17.766
            0.000000  0.900000  0.000000
  -5.155  -3.888  -0.228  -0.228   4.220   3.866   8.256   8.256  12.123  11.467
  17.500  17.500
            0.000000  1.000000  0.000000
  -4.540  -4.540  -0.263  -0.263   4.012   4.012   8.342   8.342  11.819  11.819
  17.401  17.401
            0.000000  0.975000  0.075000
  -4.690  -4.376  -0.299  -0.295   4.048   4.134   8.294   8.303  11.716  11.872
  17.303  17.323
            0.000000  0.950000  0.150000
  -4.820  -4.209  -0.404  -0.369   4.237   4.391   8.133   8.201  11.607  11.848
  17.040  17.165
           -0.000000  0.925000  0.225000
  -4.925  -4.052  -0.557  -0.448   4.553   4.740   7.847   8.052  11.540  11.739
  16.694  17.024
           -0.000000  0.900000  0.300000
  -5.003  -3.924  -0.730  -0.491   4.959   5.125   7.463   7.870  11.545  11.556
  16.318  16.953
            0.000000  0.875000  0.375000
  -5.053  -3.840  -0.898  -0.471   5.413   5.444   7.075   7.664  11.630  11.325
  15.926  16.969
            0.000000  0.850000  0.450000
  -5.076  -3.808  -1.043  -0.377   5.871   5.488   6.909   7.452  11.789  11.079
  15.531  17.077
            0.000000  0.825000  0.525000
  -5.071  -3.824  -1.152  -0.225   6.257   5.173   7.067   7.282  12.005  10.851
  15.160  17.268
           -0.000000  0.800000  0.600000
  -5.040  -3.878  -1.215  -0.055   6.411   4.748   7.329   7.282  12.243  10.682
  14.865  17.523
           -0.000000  0.775000  0.675000
  -4.985  -3.956  -1.229   0.068   6.285   4.403   7.552   7.465  12.422  10.608
  14.737  17.789
            0.000000  0.750000  0.750000
  -4.905  -4.048  -1.191   0.077   6.049   4.248   7.693   7.636  12.435  10.659
  14.873  17.943
            0.000000  0.725000  0.775000
  -4.900  -4.051  -1.187   0.057   6.049   4.278   7.681   7.624  12.412  10.671
  14.904  17.908
            0.000000  0.700000  0.800000
  -4.885  -4.059  -1.176   0.001   6.049   4.366   7.647   7.589  12.345  10.707
  14.994  17.811
            0.000000  0.675000  0.825000
  -4.861  -4.072  -1.158  -0.087   6.048   4.505   7.592   7.535  12.246  10.765
  15.130  17.667
            0.000000  0.650000  0.850000
  -4.828  -4.092  -1.132  -0.196   6.046   4.686   7.517   7.466  12.126  10.839
  15.298  17.494
            0.000000  0.625000  0.875000
  -4.785  -4.120  -1.100  -0.317   6.041   4.897   7.427   7.388  11.996  10.927
  15.486  17.305
            0.000000  0.600000  0.900000
  -4.732  -4.157  -1.061  -0.442   6.030   5.127   7.326   7.306  11.863  11.024
  15.682  17.110
            0.000000  0.575000  0.925000
  -4.670  -4.205  -1.015  -0.562   6.011   5.361   7.222   7.226  11.733  11.124
  15.877  16.918
            0.000000  0.550000  0.950000
  -4.598  -4.266  -0.963  -0.673   5.980   5.583   7.128   7.155  11.612  11.224
  16.065  16.732
            0.000000  0.525000  0.975000
  -4.518  -4.340  -0.906  -0.767   5.936   5.766   7.063   7.098  11.503  11.321
  16.239  16.558
            0.000000  0.500000  1.000000
  -4.427  -4.427  -0.843  -0.843   5.878   5.878   7.058   7.058  11.410  11.410
  16.398  16.398
            0.000000  0.450000  0.900000
  -4.860  -4.012  -1.001  -0.552   5.623   5.855   6.950   7.369  11.170  11.675
  15.843  16.890
           -0.000000  0.400000  0.800000
  -5.370  -3.524  -0.957  -0.212   5.383   5.569   6.892   7.610  11.214  11.763
  15.416  17.189
           -0.000000  0.350000  0.700000
  -5.907  -2.966  -0.747   0.154   5.159   5.263   6.871   7.484  11.511  11.683
  15.104  17.390
           -0.000000  0.300000  0.600000
  -6.424  -2.338  -0.411   0.525   4.941   5.000   6.841   7.092  11.787  11.553
  14.841  17.605
            0.000000  0.250000  0.500000
  -6.892  -1.644   0.018   0.884   4.716   4.802   6.712   6.587  11.818  11.544
  14.613  17.736
            0.000000  0.200000  0.400000
  -7.291  -0.890   0.504   1.215   4.470   4.674   6.397   6.054  11.590  11.804
  14.476  17.366
            0.000000  0.150000  0.300000
  -7.611  -0.087   1.011   1.511   4.192   4.613   5.890   5.542  11.211  12.388
  14.493  16.815
           -0.000000  0.100000  0.200000
  -7.843   0.741   1.486   1.757   3.860   4.604   5.294   5.092  10.810  13.257
  14.684  16.339
           -0.000000  0.050000  0.100000
  -7.984   1.535   1.850   1.929   3.432   4.618   4.808   4.758  10.506  14.319
  14.999  16.016
            0.000000  0.000000  0.000000
  -8.031   1.992   1.992   1.992   3.103   4.627   4.627   4.627  10.393  15.211
  15.211  15.907
