 &plot nbnd=  10, nks=    51 /
            0.500000  0.500000  0.500000
  -6.029  -0.521   3.339   3.339   7.973  11.597  11.597  15.695  17.658  17.658
            0.450000  0.450000  0.450000
  -6.066  -0.436   3.351   3.351   7.980  11.584  11.584  15.357  17.404  17.404
            0.400000  0.400000  0.400000
  -6.170  -0.192   3.384   3.384   7.999  11.539  11.539  14.620  16.924  16.924
            0.350000  0.350000  0.350000
  -6.320   0.190   3.437   3.437   8.022  11.456  11.456  13.767  16.475  16.475
            0.300000  0.300000  0.300000
  -6.493   0.682   3.506   3.506   8.029  11.327  11.327  12.912  16.138  16.138
            0.250000  0.250000  0.250000
  -6.667   1.255   3.586   3.586   7.991  11.153  11.153  12.118  15.935  15.935
            0.200000  0.200000  0.200000
  -6.826   1.882   3.670   3.670   7.866  10.953  10.953  11.442  15.855  15.855
            0.150000  0.150000  0.150000
  -6.960   2.533   3.750   3.750   7.612  10.753  10.753  10.940  15.865  15.865
            0.100000  0.100000  0.100000
  -7.060   3.158   3.816   3.816   7.240  10.584  10.584  10.630  15.923  15.923
            0.050000  0.050000  0.050000
  -7.122   3.664   3.860   3.860   6.860  10.472  10.472  10.477  15.983  15.983
            0.000000  0.000000  0.000000
  -7.143   3.876   3.876   3.876   6.686  10.433  10.433  10.433  16.007  16.007
            0.000000  0.100000  0.000000
  -7.115   3.635   3.835   3.835   6.919  10.416  10.522  10.522  15.900  16.050
            0.000000  0.200000  0.000000
  -7.032   3.076   3.721   3.721   7.444  10.380  10.782  10.782  15.623  16.178
            0.000000  0.300000  0.000000
  -6.897   2.400   3.555   3.555   8.016  10.362  11.189  11.189  15.283  16.390
            0.000000  0.400000  0.000000
  -6.715   1.701   3.362   3.362   8.475  10.406  11.717  11.717  15.011  16.684
            0.000000  0.500000  0.000000
  -6.495   1.021   3.166   3.166   8.738  10.510  12.337  12.337  14.937  17.056
            0.000000  0.600000  0.000000
  -6.249   0.389   2.985   2.985   8.838  10.579  13.026  13.026  15.160  17.498
            0.000000  0.700000  0.000000
  -5.998  -0.167   2.832   2.832   8.859  10.549  13.754  13.754  15.687  17.993
            0.000000  0.800000  0.000000
  -5.770  -0.613   2.718   2.718   8.856  10.457  14.479  14.479  16.432  18.509
            0.000000  0.900000  0.000000
  -5.607  -0.909   2.646   2.646   8.851  10.369  15.101  15.101  17.270  18.551
            0.000000  1.000000  0.000000
  -5.546  -1.014   2.622   2.622   8.850  10.334  15.380  15.380  17.818  18.247
            0.000000  0.975000  0.075000
  -5.550  -1.003   2.606   2.616   8.903  10.395  15.234  15.311  17.602  17.831
            0.000000  0.950000  0.150000
  -5.559  -0.973   2.561   2.601   9.055  10.575  14.800  15.131  17.267  17.418
           -0.000000  0.925000  0.225000
  -5.572  -0.931   2.494   2.588   9.284  10.864  14.178  14.878  16.767  17.362
           -0.000000  0.900000  0.300000
  -5.587  -0.887   2.417   2.589   9.550  11.247  13.519  14.581  16.333  17.340
            0.000000  0.875000  0.375000
  -5.601  -0.851   2.340   2.615   9.786  11.701  12.952  14.272  15.959  17.276
            0.000000  0.850000  0.450000
  -5.611  -0.830   2.271   2.667   9.895  12.180  12.602  14.003  15.636  17.144
            0.000000  0.825000  0.525000
  -5.615  -0.827   2.218   2.737   9.814  12.338  12.788  13.875  15.361  16.956
           -0.000000  0.800000  0.600000
  -5.612  -0.841   2.187   2.806   9.613  12.226  13.258  13.999  15.144  16.755
           -0.000000  0.775000  0.675000
  -5.602  -0.866   2.181   2.846   9.424  12.022  13.712  14.259  15.046  16.615
            0.000000  0.750000  0.750000
  -5.587  -0.896   2.200   2.835   9.334  11.776  14.053  14.381  15.193  16.656
            0.000000  0.725000  0.775000
  -5.586  -0.896   2.202   2.827   9.352  11.781  14.009  14.368  15.219  16.687
            0.000000  0.700000  0.800000
  -5.583  -0.898   2.208   2.805   9.403  11.793  13.903  14.308  15.297  16.770
            0.000000  0.675000  0.825000
  -5.578  -0.901   2.217   2.769   9.483  11.817  13.767  14.193  15.420  16.886
            0.000000  0.650000  0.850000
  -5.572  -0.905   2.229   2.723   9.587  11.853  13.620  14.036  15.572  17.012
            0.000000  0.625000  0.875000
  -5.565  -0.909   2.244   2.671   9.703  11.908  13.472  13.856  15.739  17.123
            0.000000  0.600000  0.900000
  -5.557  -0.915   2.262   2.618   9.821  11.985  13.324  13.672  15.909  17.201
            0.000000  0.575000  0.925000
  -5.550  -0.921   2.280   2.566   9.927  12.093  13.171  13.502  16.071  17.233
            0.000000  0.550000  0.950000
  -5.543  -0.926   2.298   2.523  10.010  12.236  13.006  13.364  16.212  17.221
            0.000000  0.525000  0.975000
  -5.539  -0.930   2.310   2.493  10.062  12.407  12.830  13.271  16.315  17.189
            0.000000  0.500000  1.000000
  -5.537  -0.932   2.315   2.483  10.079  12.540  12.701  13.235  16.353  17.171
            0.000000  0.450000  0.900000
  -5.571  -0.887   2.286   2.581   9.972  12.217  12.710  13.747  15.930  17.268
           -0.000000  0.400000  0.800000
  -5.682  -0.725   2.321   2.752   9.743  11.827  12.630  14.253  15.746  16.953
           -0.000000  0.350000  0.700000
  -5.871  -0.417   2.452   2.943   9.473  11.468  12.590  13.755  16.228  16.877
           -0.000000  0.300000  0.600000
  -6.113   0.038   2.660   3.140   9.189  11.154  12.529  13.042  15.736  17.771
            0.000000  0.250000  0.500000
  -6.374   0.624   2.918   3.331   8.886  10.888  12.231  12.466  15.336  17.262
            0.000000  0.200000  0.400000
  -6.625   1.316   3.194   3.506   8.533  10.680  11.663  11.998  15.210  16.685
            0.000000  0.150000  0.300000
  -6.841   2.082   3.459   3.657   8.089  10.541  11.155  11.414  15.358  16.326
           -0.000000  0.100000  0.200000
  -7.005   2.868   3.678   3.775   7.535  10.467  10.765  10.885  15.639  16.129
           -0.000000  0.050000  0.100000
  -7.108   3.560   3.824   3.850   6.966  10.439  10.518  10.546  15.900  16.035
            0.000000  0.000000  0.000000
  -7.143   3.876   3.876   3.876   6.686  10.433  10.433  10.433  16.007  16.007
