 &plot nbnd=  24, nks=    51 /
            0.500000  0.500000  0.500000
  -6.058  -3.676   0.967   0.967   3.268   5.884   5.884   8.386  12.042  12.700
  14.342  14.342  18.352  18.352  22.268  25.673  25.731  25.731  27.635  27.635
  29.118  29.118  31.157  32.134
            0.450000  0.450000  0.450000
  -6.167  -3.518   0.984   0.984   3.280   5.869   5.869   8.293  11.925  12.892
  14.244  14.244  18.532  18.532  22.015  25.941  25.218  25.218  27.662  27.662
  29.566  29.566  30.067  33.312
            0.400000  0.400000  0.400000
  -6.429  -3.110   1.036   1.036   3.314   5.822   5.822   8.027  11.759  13.257
  14.011  14.011  19.002  19.002  21.497  26.256  24.137  24.137  27.739  27.739
  30.437  30.437  29.085  34.713
            0.350000  0.350000  0.350000
  -6.745  -2.552   1.121   1.121   3.369   5.737   5.737   7.626  11.637  13.628
  13.764  13.764  19.631  19.631  21.031  25.666  22.910  22.910  27.895  27.895
  31.268  31.268  29.272  35.413
            0.300000  0.300000  0.300000
  -7.059  -1.907   1.235   1.235   3.439   5.610   5.610   7.133  11.532  13.952
  13.591  13.591  20.295  20.295  20.780  24.471  21.676  21.676  28.175  28.175
  31.919  31.919  30.208  35.294
            0.250000  0.250000  0.250000
  -7.343  -1.206   1.376   1.376   3.518   5.440   5.440   6.587  11.388  14.239
  13.544  13.544  20.426  20.426  20.795  23.192  20.969  20.969  28.624  28.624
  32.383  32.383  31.265  35.241
            0.200000  0.200000  0.200000
  -7.585  -0.472   1.533   1.533   3.589   5.237   5.237   6.019  11.174  14.545
  13.646  13.646  19.311  19.311  21.032  21.975  21.462  21.462  29.270  29.270
  32.695  32.695  32.121  35.228
            0.150000  0.150000  0.150000
  -7.778   0.274   1.696   1.696   3.622   5.021   5.021   5.465  10.909  14.913
  13.901  13.901  18.250  18.250  20.808  21.464  21.843  21.843  30.089  30.089
  32.926  32.926  32.432  35.217
            0.100000  0.100000  0.100000
  -7.918   1.003   1.845   1.845   3.552   4.823   4.823   4.995  10.650  15.333
  14.297  14.297  17.279  17.279  19.858  21.854  22.095  22.095  30.953  30.953
  33.218  33.218  32.216  35.582
            0.050000  0.050000  0.050000
  -8.003   1.655   1.952   1.952   3.313   4.680   4.680   4.710  10.461  15.727
  14.807  14.807  16.425  16.425  19.139  22.163  22.235  22.235  31.580  31.580
  33.787  33.787  31.907  35.730
            0.000000  0.000000  0.000000
  -8.031   1.992   1.992   1.992   3.103   4.627   4.627   4.627  10.393  15.907
  15.211  15.211  15.907  15.907  18.850  22.279  22.279  22.279  31.778  31.778
  31.778  34.315  34.315  35.950
            0.000000  0.100000  0.000000
  -7.993   1.657   1.879   1.879   3.404   4.583   4.767   4.767  10.485  14.318
  15.261  16.614  15.995  15.995  19.260  22.185  22.185  22.193  31.621  31.621
  31.801  33.058  34.456  35.317
            0.000000  0.200000  0.000000
  -7.880   1.033   1.598   1.598   3.915   4.462   5.125   5.125  10.741  13.186
  15.412  17.280  16.254  16.254  20.399  21.912  21.912  21.961  31.283  31.283
  31.859  31.314  34.638  34.638
            0.000000  0.300000  0.000000
  -7.693   0.345   1.248   1.248   4.386   4.297   5.601   5.601  11.114  12.193
  15.663  17.844  16.673  16.673  21.957  21.488  21.488  21.649  30.973  30.973
  31.907  29.611  33.855  33.855
            0.000000  0.400000  0.000000
  -7.433  -0.364   0.891   0.891   4.734   4.120   6.128   6.128  11.537  11.430
  16.015  18.465  17.222  17.222  23.673  20.979  20.979  21.345  30.803  30.803
  31.844  27.987  32.923  32.923
            0.000000  0.500000  0.000000
  -7.102  -1.080   0.560   0.560   4.903   3.963   6.663   6.663  11.934  10.957
  16.466  19.205  17.815  17.815  25.334  20.520  20.520  21.140  30.802  30.802
  31.597  26.454  31.838  31.838
            0.000000  0.600000  0.000000
  -6.705  -1.798   0.274   0.274   4.880   3.846   7.177   7.177  12.231  10.789
  17.018  20.079  18.192  18.192  26.546  20.421  20.421  21.124  30.552  30.552
  31.489  25.014  31.019  31.019
            0.000000  0.700000  0.000000
  -6.244  -2.509   0.043   0.043   4.708   3.785   7.637   7.637  12.367  10.875
  17.670  21.083  18.088  18.088  26.744  20.998  20.998  21.359  29.212  29.212
  30.449  23.670  31.316  31.316
            0.000000  0.800000  0.000000
  -5.725  -3.209  -0.126  -0.126   4.466   3.790   8.010   8.010  12.323  11.130
  18.422  22.180  17.766  17.766  26.130  22.027  22.027  21.855  27.775  27.775
  28.714  22.424  31.764  31.764
            0.000000  0.900000  0.000000
  -5.155  -3.888  -0.228  -0.228   4.220   3.866   8.256   8.256  12.123  11.467
  19.274  23.174  17.500  17.500  25.447  23.241  23.241  22.553  26.341  26.341
  27.101  21.275  32.304  32.304
            0.000000  1.000000  0.000000
  -4.540  -4.540  -0.263  -0.263   4.012   4.012   8.342   8.342  11.819  11.819
  20.225  23.251  17.401  17.401  23.251  24.164  24.164  25.777  25.346  25.346
  25.777  20.225  32.690  32.690
            0.000000  0.975000  0.075000
  -4.690  -4.376  -0.299  -0.295   4.048   4.134   8.294   8.303  11.716  11.872
  17.303  17.323  20.138  20.618  23.013  23.180  24.175  24.198  25.050  25.063
  26.152  26.559  32.345  32.413
            0.000000  0.950000  0.150000
  -4.820  -4.209  -0.404  -0.370   4.237   4.391   8.133   8.201  11.607  11.848
  17.040  17.165  20.334  21.184  22.702  22.709  24.178  24.298  24.787  25.181
  26.844  27.612  31.547  31.873
           -0.000000  0.925000  0.225000
  -4.925  -4.052  -0.557  -0.448   4.553   4.740   7.847   8.052  11.540  11.739
  16.694  17.024  20.692  21.633  22.548  22.122  24.230  24.468  24.685  25.573
  27.583  28.597  30.673  31.406
           -0.000000  0.900000  0.300000
  -5.003  -3.924  -0.730  -0.491   4.959   5.125   7.463   7.870  11.545  11.556
  16.318  16.953  21.108  21.599  22.776  21.631  24.338  24.593  24.909  26.020
  28.087  29.146  30.108  31.244
            0.000000  0.875000  0.375000
  -5.053  -3.840  -0.898  -0.471   5.413   5.444   7.075   7.664  11.630  11.325
  15.926  16.969  21.217  21.357  22.983  21.624  24.491  24.674  25.464  26.373
  27.852  29.182  30.408  31.129
            0.000000  0.850000  0.450000
  -5.076  -3.808  -1.043  -0.377   5.871   5.488   6.909   7.452  11.789  11.079
  15.531  17.077  21.058  21.104  22.981  22.058  24.668  24.792  26.103  26.354
  27.403  29.147  31.141  30.938
            0.000000  0.825000  0.525000
  -5.071  -3.824  -1.152  -0.225   6.257   5.173   7.067   7.282  12.005  10.851
  15.160  17.268  21.045  20.859  22.822  22.497  24.802  24.937  26.630  25.837
  27.236  29.181  31.729  30.960
           -0.000000  0.800000  0.600000
  -5.040  -3.878  -1.215  -0.055   6.411   4.748   7.329   7.282  12.243  10.682
  14.865  17.523  21.172  20.609  22.595  22.919  24.651  25.080  27.005  25.395
  27.107  29.037  31.329  31.648
           -0.000000  0.775000  0.675000
  -4.985  -3.956  -1.229   0.068   6.285   4.403   7.552   7.465  12.422  10.608
  14.737  17.789  21.408  20.359  22.400  23.299  24.128  25.170  27.323  25.202
  27.053  28.503  30.932  32.149
            0.000000  0.750000  0.750000
  -4.905  -4.048  -1.191   0.077   6.049   4.248   7.693   7.636  12.435  10.659
  14.873  17.943  21.714  20.215  22.297  23.541  23.617  25.149  27.667  24.963
  27.198  27.684  30.834  31.669
            0.000000  0.725000  0.775000
  -4.900  -4.051  -1.187   0.057   6.049   4.278   7.681   7.624  12.412  10.671
  14.904  17.908  21.712  20.254  22.307  23.465  23.678  25.127  27.388  24.984
  27.213  27.980  30.850  31.684
            0.000000  0.700000  0.800000
  -4.885  -4.059  -1.176   0.001   6.049   4.366   7.647   7.589  12.345  10.707
  14.994  17.811  21.707  20.362  22.334  23.349  23.748  25.061  27.134  25.050
  27.256  28.277  30.901  31.729
            0.000000  0.675000  0.825000
  -4.861  -4.072  -1.158  -0.087   6.048   4.505   7.592   7.535  12.246  10.765
  15.130  17.667  21.705  20.525  22.376  23.219  23.797  24.951  26.927  25.166
  27.319  28.537  30.994  31.801
            0.000000  0.650000  0.850000
  -4.828  -4.092  -1.132  -0.196   6.046   4.686   7.517   7.466  12.126  10.839
  15.298  17.494  21.711  20.724  22.428  23.076  23.825  24.801  26.772  25.332
  27.391  28.715  31.142  31.528
            0.000000  0.625000  0.875000
  -4.785  -4.120  -1.100  -0.317   6.041   4.897   7.427   7.388  11.996  10.927
  15.486  17.305  21.733  20.946  22.479  22.920  23.840  24.623  26.666  25.540
  27.459  28.762  31.296  31.362
            0.000000  0.600000  0.900000
  -4.732  -4.157  -1.061  -0.442   6.030   5.127   7.326   7.306  11.863  11.024
  15.682  17.110  21.778  21.180  22.519  22.755  23.849  24.436  26.599  25.780
  27.515  28.661  31.186  31.657
            0.000000  0.575000  0.925000
  -4.670  -4.205  -1.015  -0.563   6.011   5.361   7.222   7.226  11.733  11.124
  15.877  16.918  21.850  21.418  22.530  22.582  23.858  24.260  26.563  26.034
  27.552  28.448  31.179  31.967
            0.000000  0.550000  0.950000
  -4.598  -4.266  -0.963  -0.673   5.980   5.583   7.128   7.155  11.612  11.224
  16.065  16.732  21.953  21.652  22.495  22.408  23.872  24.112  26.546  26.278
  27.579  28.187  31.242  31.823
            0.000000  0.525000  0.975000
  -4.518  -4.340  -0.906  -0.767   5.936   5.766   7.063   7.098  11.503  11.321
  16.239  16.558  22.083  21.871  22.403  22.238  23.896  24.003  26.540  26.468
  27.622  27.937  31.351  31.653
            0.000000  0.500000  1.000000
  -4.427  -4.427  -0.843  -0.843   5.878   5.878   7.058   7.058  11.410  11.410
  16.398  16.398  22.055  22.055  22.260  22.260  23.934  23.934  26.541  26.541
  27.737  27.737  31.491  31.491
            0.000000  0.450000  0.900000
  -4.860  -4.012  -1.001  -0.552   5.622   5.855   6.950   7.369  11.170  11.675
  15.843  16.890  21.410  21.457  22.181  22.873  24.233  24.417  26.131  26.513
  27.424  28.668  31.053  31.578
           -0.000000  0.400000  0.800000
  -5.370  -3.524  -0.957  -0.212   5.383   5.569   6.892   7.610  11.214  11.762
  15.416  17.189  20.931  20.608  21.492  22.938  25.165  25.057  26.068  26.214
  27.692  29.779  31.012  30.311
           -0.000000  0.350000  0.700000
  -5.907  -2.966  -0.747   0.154   5.159   5.263   6.871   7.484  11.511  11.683
  15.104  17.390  20.710  19.765  20.810  22.199  25.019  25.329  27.414  26.363
  28.065  30.493  31.659  30.175
           -0.000000  0.300000  0.600000
  -6.424  -2.338  -0.411   0.525   4.941   5.000   6.841   7.092  11.787  11.553
  14.841  17.605  20.598  18.885  20.529  21.337  23.662  25.910  29.060  26.586
  28.534  30.744  30.601  31.361
            0.000000  0.250000  0.500000
  -6.892  -1.644   0.018   0.884   4.716   4.802   6.712   6.587  11.818  11.544
  14.613  17.736  20.236  18.061  20.617  21.232  22.147  26.737  30.585  25.692
  28.852  31.065  31.008  32.124
            0.000000  0.200000  0.400000
  -7.291  -0.890   0.504   1.215   4.470   4.674   6.397   6.054  11.590  11.804
  14.476  17.423  20.382  17.366  20.566  21.485  21.047  27.789  31.162  24.023
  29.341  32.207  31.833  33.067
            0.000000  0.150000  0.300000
  -7.611  -0.087   1.011   1.511   4.192   4.613   5.890   5.542  11.211  12.388
  14.493  16.846  21.004  16.815  19.243  21.781  21.427  29.066  31.558  22.225
  30.028  33.273  32.328  33.890
           -0.000000  0.100000  0.200000
  -7.843   0.741   1.486   1.756   3.860   4.603   5.294   5.092  10.810  13.257
  14.684  16.339  21.658  16.395  17.980  22.041  20.581  30.485  32.080  21.852
  30.799  33.851  32.204  34.615
           -0.000000  0.050000  0.100000
  -7.984   1.535   1.850   1.929   3.432   4.618   4.808   4.758  10.506  14.319
  14.999  16.016  22.116  16.078  16.805  22.217  19.338  31.525  33.102  22.164
  31.482  34.135  31.906  35.272
            0.000000  0.000000  0.000000
  -8.031   1.992   1.992   1.992   3.103   4.627   4.627   4.627  10.393  15.211
  15.211  15.907  15.907  15.907  18.850  22.279  31.778  22.279  31.778  22.279
  31.778  34.315  35.950  34.315
