 &plot nbnd=  10, nks=    51 /
            0.500000  0.500000  0.500000
  -6.104  -2.838   3.031   3.031   4.857   8.519   8.519  13.018  15.481  15.752
            0.450000  0.450000  0.450000
  -6.196  -2.690   3.049   3.049   4.877   8.516   8.516  12.848  14.936  15.498
            0.400000  0.400000  0.400000
  -6.429  -2.290   3.102   3.102   4.935   8.501   8.501  12.322  14.615  14.734
            0.350000  0.350000  0.350000
  -6.727  -1.716   3.189   3.189   5.028   8.458   8.458  11.549  14.113  14.113
            0.300000  0.300000  0.300000
  -7.035  -1.027   3.308   3.308   5.147   8.365   8.365  10.681  13.667  13.667
            0.250000  0.250000  0.250000
  -7.320  -0.258   3.453   3.453   5.276   8.206   8.206   9.799  13.417  13.417
            0.200000  0.200000  0.200000
  -7.566   0.567   3.616   3.616   5.382   7.986   7.986   8.952  13.359  13.359
            0.150000  0.150000  0.150000
  -7.764   1.429   3.785   3.785   5.401   7.735   7.735   8.197  13.459  13.459
            0.100000  0.100000  0.100000
  -7.908   2.310   3.939   3.939   5.217   7.498   7.498   7.634  13.656  13.656
            0.050000  0.050000  0.050000
  -7.996   3.185   4.050   4.050   4.739   7.327   7.327   7.342  13.343  13.856
            0.000000  0.000000  0.000000
  -8.025   3.950   4.091   4.091   4.091   7.264   7.264   7.264  13.222  13.944
            0.000000  0.100000  0.000000
  -7.986   3.098   3.972   3.972   4.932   7.185   7.431   7.431  13.384  13.670
            0.000000  0.200000  0.000000
  -7.868   2.185   3.674   3.674   5.798   6.978   7.870   7.870  13.840  13.056
            0.000000  0.300000  0.000000
  -7.674   1.284   3.303   3.303   6.563   6.702   8.476   8.476  12.418  14.367
            0.000000  0.400000  0.000000
  -7.404   0.400   2.925   2.925   7.114   6.415   9.179   9.179  12.003  14.696
            0.000000  0.500000  0.000000
  -7.060  -0.463   2.576   2.576   7.326   6.158   9.936   9.936  12.001  15.118
            0.000000  0.600000  0.000000
  -6.645  -1.304   2.276   2.276   7.201   5.958  10.723  10.723  12.434  15.633
            0.000000  0.700000  0.000000
  -6.162  -2.118   2.035   2.035   6.891   5.833  11.512  11.512  13.160  16.239
            0.000000  0.800000  0.000000
  -5.616  -2.901   1.859   1.859   6.542   5.794  12.259  12.259  14.031  16.935
            0.000000  0.900000  0.000000
  -5.011  -3.648   1.753   1.753   6.231   5.847  12.863  12.863  14.959  16.709
            0.000000  1.000000  0.000000
  -4.353  -4.353   1.717   1.717   5.994   5.994  13.116  13.116  15.878  15.878
            0.000000  0.975000  0.075000
  -4.518  -4.179   1.676   1.681   6.050   6.143  12.955  13.008  15.481  15.721
            0.000000  0.950000  0.150000
  -4.665  -4.006   1.559   1.600   6.303   6.471  12.414  12.750  15.209  15.242
           -0.000000  0.925000  0.225000
  -4.789  -3.845   1.393   1.516   6.722   6.938  11.593  12.396  15.151  14.740
           -0.000000  0.900000  0.300000
  -4.888  -3.711   1.209   1.471   7.269   7.496  10.675  11.969  15.161  14.273
            0.000000  0.875000  0.375000
  -4.957  -3.616   1.033   1.491   7.907   8.059   9.817  11.491  15.134  13.851
            0.000000  0.850000  0.450000
  -4.996  -3.567   0.886   1.586   8.605   8.224   9.448  10.992  15.024  13.470
            0.000000  0.825000  0.525000
  -5.005  -3.565   0.777   1.742   9.304   7.650   9.924  10.529  14.835  13.123
           -0.000000  0.800000  0.600000
  -4.981  -3.605   0.716   1.923   9.642   7.001  10.582  10.457  14.628  12.812
           -0.000000  0.775000  0.675000
  -4.926  -3.678   0.705   2.061   9.300   6.515  11.166  11.052  14.508  12.573
            0.000000  0.750000  0.750000
  -4.838  -3.780   0.746   2.075   8.863   6.302  11.521  11.534  14.612  12.598
            0.000000  0.725000  0.775000
  -4.832  -3.785   0.750   2.053   8.866   6.343  11.481  11.464  14.644  12.669
            0.000000  0.700000  0.800000
  -4.816  -3.798   0.761   1.990   8.873   6.461  11.367  11.291  14.734  12.844
            0.000000  0.675000  0.825000
  -4.788  -3.821   0.780   1.894   8.884   6.650  11.193  11.072  14.861  13.067
            0.000000  0.650000  0.850000
  -4.750  -3.854   0.806   1.776   8.898   6.897  10.978  10.836  14.994  13.311
            0.000000  0.625000  0.875000
  -4.700  -3.897   0.840   1.647   8.914   7.192  10.736  10.597  15.104  13.561
            0.000000  0.600000  0.900000
  -4.639  -3.951   0.880   1.517   8.927   7.524  10.480  10.365  15.157  13.811
            0.000000  0.575000  0.925000
  -4.568  -4.017   0.927   1.392   8.934   7.881  10.221  10.148  15.136  14.056
            0.000000  0.550000  0.950000
  -4.486  -4.096   0.980   1.279   8.926   8.248   9.975   9.957  15.044  14.291
            0.000000  0.525000  0.975000
  -4.393  -4.186   1.040   1.182   8.888   8.591   9.772   9.807  14.897  14.513
            0.000000  0.500000  1.000000
  -4.289  -4.289   1.105   1.105   8.810   8.810   9.711   9.711  14.716  14.716
            0.000000  0.450000  0.900000
  -4.765  -3.809   0.935   1.406   8.425   8.601   9.503  10.641  13.887  15.154
           -0.000000  0.400000  0.800000
  -5.297  -3.240   0.965   1.757   8.075   8.142   9.411  11.602  13.389  14.753
           -0.000000  0.350000  0.700000
  -5.845  -2.584   1.169   2.137   7.759   7.742   9.423  11.338  14.183  14.037
           -0.000000  0.300000  0.600000
  -6.372  -1.841   1.515   2.523   7.456   7.435   9.514  10.562  15.339  13.327
            0.000000  0.250000  0.500000
  -6.851  -1.016   1.967   2.898   7.135   7.228   9.594   9.763  12.722  15.201
            0.000000  0.200000  0.400000
  -7.261  -0.112   2.489   3.247   6.765   7.121   9.430   9.019  12.399  14.483
            0.000000  0.150000  0.300000
  -7.590   0.864   3.037   3.561   6.317   7.105   8.844   8.357  12.566  14.113
           -0.000000  0.100000  0.200000
  -7.830   1.897   3.550   3.828   5.744   7.156   8.075   7.804  13.084  13.969
           -0.000000  0.050000  0.100000
  -7.976   2.964   3.940   4.019   4.980   7.229   7.479   7.412  13.665  13.423
            0.000000  0.000000  0.000000
  -8.025   3.950   4.091   4.091   4.091   7.264   7.264   7.264  13.944  13.222
