 &plot nbnd=  10, nks=    51 /
            0.500000  0.500000  0.500000
  -4.994  -1.261   3.995   3.995   6.751   9.619   9.619  14.276  16.869  16.886
            0.450000  0.450000  0.450000
  -5.075  -1.122   4.011   4.011   6.772   9.626   9.626  14.185  16.155  16.155
            0.400000  0.400000  0.400000
  -5.288  -0.740   4.061   4.061   6.833   9.640   9.640  13.836  15.343  15.343
            0.350000  0.350000  0.350000
  -5.566  -0.180   4.143   4.143   6.932   9.643   9.643  13.180  14.659  14.659
            0.300000  0.300000  0.300000
  -5.859   0.502   4.253   4.253   7.062   9.605   9.605  12.348  14.148  14.148
            0.250000  0.250000  0.250000
  -6.135   1.270   4.388   4.388   7.212   9.498   9.498  11.456  13.841  13.841
            0.200000  0.200000  0.200000
  -6.375   2.095   4.537   4.537   7.360   9.316   9.316  10.563  13.745  13.745
            0.150000  0.150000  0.150000
  -6.569   2.954   4.690   4.690   7.457   9.087   9.087   9.727  13.824  13.824
            0.100000  0.100000  0.100000
  -6.711   3.810   4.827   4.827   7.393   8.865   8.865   9.061  14.007  14.007
            0.050000  0.050000  0.050000
  -6.798   4.578   4.924   4.924   7.061   8.704   8.704   8.722  14.194  14.194
            0.000000  0.000000  0.000000
  -6.827   4.960   4.960   4.960   6.793   8.645   8.645   8.645  14.275  14.275
            0.000000  0.100000  0.000000
  -6.788   4.567   4.852   4.852   7.173   8.570   8.803   8.803  14.018  14.322
            0.000000  0.200000  0.000000
  -6.672   3.803   4.578   4.578   7.841   8.412   9.228   9.228  13.436  14.465
            0.000000  0.300000  0.000000
  -6.481   2.962   4.226   4.226   7.961   8.687   9.830   9.830  12.863  14.701
            0.000000  0.400000  0.000000
  -6.218   2.112   3.860   3.860   7.688   9.045  10.542  10.542  12.627  15.032
            0.000000  0.500000  0.000000
  -5.886   1.276   3.519   3.519   7.414   8.967  11.323  11.323  12.941  15.457
            0.000000  0.600000  0.000000
  -5.495   0.468   3.224   3.224   7.189   8.587  12.148  12.148  13.667  15.974
            0.000000  0.700000  0.000000
  -5.059  -0.295   2.985   2.985   7.037   8.132  12.998  12.998  14.579  16.581
            0.000000  0.800000  0.000000
  -4.607  -0.982   2.811   2.811   6.969   7.716  13.844  13.844  15.545  17.274
            0.000000  0.900000  0.000000
  -4.212  -1.519   2.704   2.704   6.994   7.387  14.603  14.603  16.459  17.633
            0.000000  1.000000  0.000000
  -4.036  -1.742   2.669   2.669   7.070   7.207  14.977  14.977  16.974  17.241
            0.000000  0.975000  0.075000
  -4.046  -1.719   2.623   2.633   7.161   7.328  14.749  14.849  16.492  16.968
            0.000000  0.950000  0.150000
  -4.070  -1.659   2.496   2.547   7.436   7.657  14.024  14.543  16.036  16.722
           -0.000000  0.925000  0.225000
  -4.104  -1.576   2.317   2.455   7.873   8.145  13.041  14.114  15.600  16.684
           -0.000000  0.900000  0.300000
  -4.139  -1.492   2.121   2.402   8.436   8.747  12.004  13.591  15.209  16.641
            0.000000  0.875000  0.375000
  -4.167  -1.428   1.935   2.418   9.081   9.421  11.014  13.021  14.865  16.474
            0.000000  0.850000  0.450000
  -4.185  -1.398   1.779   2.516   9.565  10.041  10.419  12.455  14.549  16.183
            0.000000  0.825000  0.525000
  -4.189  -1.404   1.664   2.680   8.979  10.722  10.912  12.012  14.245  15.810
           -0.000000  0.800000  0.600000
  -4.178  -1.437   1.599   2.871   8.277  10.965  11.542  12.202  13.952  15.414
           -0.000000  0.775000  0.675000
  -4.152  -1.486   1.588   3.016   7.758  10.546  12.369  12.855  13.686  15.091
            0.000000  0.750000  0.750000
  -4.115  -1.538   1.631   3.032   7.522  10.086  12.999  13.302  13.640  15.072
            0.000000  0.725000  0.775000
  -4.113  -1.539   1.635   3.009   7.564  10.089  12.885  13.232  13.753  15.141
            0.000000  0.700000  0.800000
  -4.106  -1.541   1.647   2.943   7.684  10.098  12.650  13.047  13.984  15.321
            0.000000  0.675000  0.825000
  -4.094  -1.544   1.665   2.843   7.876  10.113  12.384  12.798  14.246  15.560
            0.000000  0.650000  0.850000
  -4.079  -1.549   1.692   2.721   8.129  10.133  12.109  12.517  14.514  15.817
            0.000000  0.625000  0.875000
  -4.061  -1.555   1.725   2.586   8.431  10.157  11.833  12.224  14.780  16.061
            0.000000  0.600000  0.900000
  -4.041  -1.562   1.764   2.449   8.772  10.183  11.560  11.934  15.039  16.259
            0.000000  0.575000  0.925000
  -4.021  -1.571   1.810   2.320   9.142  10.207  11.295  11.655  15.287  16.376
            0.000000  0.550000  0.950000
  -4.004  -1.580   1.858   2.207   9.526  10.220  11.044  11.403  15.514  16.391
            0.000000  0.525000  0.975000
  -3.992  -1.587   1.905   2.120   9.895  10.207  10.827  11.202  15.701  16.330
            0.000000  0.500000  1.000000
  -3.987  -1.590   1.927   2.083  10.136  10.142  10.724  11.109  15.786  16.281
            0.000000  0.450000  0.900000
  -4.080  -1.503   1.823   2.331   9.698  10.016  10.556  12.030  15.046  16.455
           -0.000000  0.400000  0.800000
  -4.366  -1.208   1.872   2.692   9.265   9.727  10.388  13.292  14.213  15.895
           -0.000000  0.350000  0.700000
  -4.782  -0.718   2.097   3.086   8.893   9.485  10.351  12.882  14.715  15.561
           -0.000000  0.300000  0.600000
  -5.242  -0.077   2.460   3.485   8.606   9.272  10.437  11.987  14.192  16.675
            0.000000  0.250000  0.500000
  -5.686   0.685   2.922   3.865   8.411   9.046  10.607  11.142  13.554  15.884
            0.000000  0.200000  0.400000
  -6.079   1.546   3.442   4.209   8.291   8.790  10.372  10.684  13.048  14.969
            0.000000  0.150000  0.300000
  -6.399   2.486   3.977   4.505   8.150   8.579   9.707  10.271  13.011  14.498
           -0.000000  0.100000  0.200000
  -6.635   3.476   4.465   4.743   7.796   8.551   9.161   9.484  13.461  14.323
           -0.000000  0.050000  0.100000
  -6.779   4.431   4.824   4.903   7.218   8.611   8.784   8.854  14.012  14.280
            0.000000  0.000000  0.000000
  -6.827   4.960   4.960   4.960   6.793   8.645   8.645   8.645  14.275  14.275
