 &plot nbnd=  24, nks=    51 /
            0.500000  0.500000  0.500000
  -4.684  -2.113   3.124   3.124   5.701   8.186   8.186  11.354  14.430  15.274
  15.274  15.989  17.378  17.378  23.670  25.084  25.965  25.965  28.007  28.007
  30.862  30.862  32.042  33.041
            0.450000  0.450000  0.450000
  -4.807  -1.934   3.141   3.141   5.718   8.191   8.191  11.302  14.254  14.971
  14.971  16.189  17.738  17.738  23.012  25.776  25.581  25.581  28.044  28.044
  31.198  31.198  30.961  33.481
            0.400000  0.400000  0.400000
  -5.099  -1.474   3.194   3.194   5.770   8.197   8.197  11.124  13.953  14.391
  14.391  16.531  18.471  18.471  22.120  26.647  24.750  24.750  28.090  28.090
  31.814  31.814  29.841  33.860
            0.350000  0.350000  0.350000
  -5.449  -0.845   3.280   3.280   5.856   8.188   8.188  10.786  13.757  13.834
  13.834  16.677  19.198  19.198  21.548  26.601  23.906  23.906  28.132  28.132
  32.108  32.108  29.734  34.837
            0.300000  0.300000  0.300000
  -5.795  -0.117   3.398   3.398   5.972   8.139   8.139  10.294  13.709  13.410
  13.410  16.450  19.594  19.594  21.467  25.675  23.416  23.416  28.204  28.204
  32.103  32.103  30.512  36.219
            0.250000  0.250000  0.250000
  -6.108   0.677   3.543   3.543   6.113   8.025   8.025   9.695  13.725  13.172
  13.172  15.983  19.375  19.375  21.734  24.665  23.555  23.555  28.358  28.358
  31.996  31.996  31.286  36.194
            0.200000  0.200000  0.200000
  -6.373   1.510   3.708   3.708   6.269   7.843   7.843   9.035  13.626  13.140
  13.140  15.617  18.706  18.706  21.891  24.050  24.106  24.106  28.660  28.660
  31.872  31.872  31.665  35.941
            0.150000  0.150000  0.150000
  -6.584   2.358   3.879   3.879   6.416   7.618   7.618   8.355  13.279  13.295
  13.295  15.600  17.896  17.896  21.468  24.208  24.691  24.691  29.175  29.175
  31.775  31.775  31.601  35.735
            0.100000  0.100000  0.100000
  -6.737   3.179   4.037   4.037   6.507   7.395   7.395   7.716  12.835  13.587
  13.587  15.832  17.113  17.113  20.791  24.744  25.116  25.116  29.879  29.879
  31.745  31.745  31.277  35.583
            0.050000  0.050000  0.050000
  -6.829   3.877   4.153   4.153   6.434   7.229   7.229   7.280  12.497  13.917
  13.917  16.101  16.486  16.486  20.242  25.228  25.350  25.350  30.537  30.537
  31.862  31.862  30.932  35.491
            0.000000  0.000000  0.000000
  -6.860   4.196   4.196   4.196   6.297   7.167   7.167   7.167  12.373  14.084
  14.084  16.221  16.221  16.221  20.028  25.423  25.423  25.423  30.782  30.782
  30.782  32.022  32.022  35.460
            0.000000  0.100000  0.000000
  -6.819   3.913   4.064   4.064   6.514   7.111   7.340   7.340  12.538  13.627
  14.130  16.303  16.303  16.563  20.319  25.225  25.225  25.368  30.644  30.674
  30.674  31.291  32.248  35.795
            0.000000  0.200000  0.000000
  -6.695   3.290   3.741   3.741   6.678   7.217   7.783   7.783  12.767  13.011
  14.268  16.549  16.549  17.144  21.093  24.668  24.668  25.262  30.433  30.465
  30.465  29.896  32.689  36.570
            0.000000  0.300000  0.000000
  -6.491   2.547   3.344   3.344   6.438   7.609   8.379   8.379  12.020  13.668
  14.497  16.953  16.953  17.717  22.003  23.854  23.854  25.330  30.315  30.291
  30.291  28.397  33.068  37.172
            0.000000  0.400000  0.000000
  -6.206   1.760   2.944   2.944   6.136   7.787   9.048   9.048  11.619  14.450
  14.814  17.500  17.500  18.318  22.523  22.911  22.911  25.988  30.315  30.161
  30.161  26.925  33.165  36.451
            0.000000  0.500000  0.000000
  -5.843   0.955   2.577   2.577   5.858   7.604   9.749   9.749  11.690  15.248
  15.215  18.148  18.148  19.001  22.573  21.970  21.970  27.224  30.403  30.001
  30.001  25.525  32.785  34.975
            0.000000  0.600000  0.000000
  -5.406   0.144   2.262   2.262   5.634   7.186  10.450  10.450  12.097  15.941
  15.691  18.753  18.753  19.800  22.558  21.235  21.235  28.389  30.405  29.682
  29.682  24.220  32.206  33.596
            0.000000  0.700000  0.000000
  -4.899  -0.661   2.010   2.010   5.482   6.717  11.118  11.118  12.640  16.391
  16.224  18.878  18.878  20.740  22.774  21.176  21.176  28.627  29.609  29.058
  29.058  23.037  32.464  32.887
            0.000000  0.800000  0.000000
  -4.329  -1.448   1.826   1.826   5.409   6.302  11.705  11.705  13.178  16.542
  16.776  18.451  18.451  21.827  23.334  21.878  21.878  27.800  28.318  28.128
  28.128  22.018  32.232  33.483
            0.000000  0.900000  0.000000
  -3.711  -2.198   1.714   1.714   5.407   5.997  12.129  12.129  13.595  16.496
  17.252  18.008  18.008  22.992  24.150  22.751  22.751  26.549  27.061  27.146
  27.146  21.261  32.212  33.316
            0.000000  1.000000  0.000000
  -3.228  -2.726   1.677   1.677   5.428   5.873  12.289  12.289  13.759  16.446
  17.459  17.831  17.831  23.739  24.714  23.201  23.201  25.803  26.296  26.655
  26.655  20.961  32.234  33.277
            0.000000  0.975000  0.075000
  -3.276  -2.661   1.621   1.628   5.536   5.990  12.161  12.242  13.677  16.338
  17.041  17.972  18.334  22.832  23.115  21.097  23.898  24.723  25.808  25.926
  26.880  27.376  31.727  32.984
            0.000000  0.950000  0.150000
  -3.373  -2.517   1.469   1.513   5.842   6.315  11.764  12.104  13.484  16.099
  16.647  18.262  18.971  21.502  22.239  22.863  23.943  24.742  25.535  26.274
  27.426  28.381  30.842  32.463
           -0.000000  0.925000  0.225000
  -3.467  -2.358   1.258   1.389   6.301   6.797  11.121  11.878  13.261  15.807
  16.457  18.548  19.511  21.690  22.122  22.514  23.918  24.666  25.567  26.863
  28.085  29.191  30.116  32.094
           -0.000000  0.900000  0.300000
  -3.542  -2.220   1.030   1.313   6.869   7.382  10.329  11.572  13.032  15.524
  16.406  18.773  19.867  21.363  22.094  22.873  23.902  24.656  25.721  27.496
  28.495  28.995  30.407  32.307
            0.000000  0.875000  0.375000
  -3.590  -2.129   0.816   1.323   7.493   8.003   9.510  11.207  12.797  15.268
  16.421  18.912  19.999  21.373  21.747  23.452  23.878  24.862  25.952  27.248
  28.737  29.341  30.690  33.034
            0.000000  0.850000  0.450000
  -3.611  -2.097   0.636   1.433   7.953   8.495   9.029  10.838  12.563  15.022
  16.466  18.977  20.077  21.365  21.659  23.723  23.886  25.223  26.189  26.563
  29.143  29.759  31.111  32.470
            0.000000  0.825000  0.525000
  -3.604  -2.120   0.504   1.627   7.489   9.041   9.330  10.610  12.337  14.778
  16.518  19.045  20.220  21.083  21.867  23.633  24.099  25.372  25.678  26.993
  29.121  29.995  31.847  32.023
           -0.000000  0.800000  0.600000
  -3.571  -2.184   0.428   1.856   6.816   9.230   9.840  10.773  12.149  14.566
  16.561  19.202  20.356  20.817  22.004  23.392  24.338  25.011  25.681  27.578
  28.843  29.685  31.869  32.238
           -0.000000  0.775000  0.675000
  -3.513  -2.269   0.412   2.037   6.291   8.923  10.514  11.066  12.074  14.473
  16.576  19.479  20.219  20.740  22.099  22.993  24.581  24.944  25.604  27.968
  28.512  29.086  31.699  31.995
            0.000000  0.750000  0.750000
  -3.433  -2.364   0.459   2.066   6.042   8.534  11.026  11.155  12.202  14.614
  16.540  19.778  19.923  20.728  22.261  22.650  24.728  25.108  25.276  27.864
  28.361  28.796  31.319  31.884
            0.000000  0.725000  0.775000
  -3.428  -2.366   0.463   2.038   6.085   8.536  10.916  11.203  12.220  14.645
  16.532  19.642  20.077  20.710  22.266  22.684  24.676  25.083  25.300  27.861
  28.355  28.843  31.333  31.876
            0.000000  0.700000  0.800000
  -3.414  -2.372   0.476   1.958   6.209   8.544  10.726  11.207  12.279  14.731
  16.507  19.473  20.300  20.664  22.283  22.775  24.533  25.029  25.348  27.840
  28.375  28.946  31.379  31.853
            0.000000  0.675000  0.825000
  -3.390  -2.382   0.497   1.838   6.404   8.556  10.510  11.126  12.380  14.858
  16.467  19.321  20.541  20.605  22.312  22.904  24.328  24.953  25.408  27.782
  28.449  29.053  31.463  31.829
            0.000000  0.650000  0.850000
  -3.356  -2.397   0.527   1.691   6.656   8.572  10.282  10.979  12.506  15.008
  16.414  19.191  20.541  20.801  22.352  23.042  24.088  24.858  25.484  27.691
  28.542  29.140  31.596  31.833
            0.000000  0.625000  0.875000
  -3.315  -2.419   0.565   1.531   6.951   8.590  10.049  10.792  12.636  15.163
  16.349  19.085  20.494  21.070  22.401  23.160  23.831  24.763  25.582  27.569
  28.595  29.226  31.776  31.900
            0.000000  0.600000  0.900000
  -3.266  -2.447   0.611   1.369   7.274   8.609   9.817  10.588  12.758  15.313
  16.275  19.004  20.468  21.351  22.457  23.220  23.573  24.699  25.699  27.410
  28.577  29.339  31.945  32.094
            0.000000  0.575000  0.925000
  -3.212  -2.482   0.664   1.216   7.613   8.623   9.592  10.384  12.861  15.447
  16.196  18.945  20.466  21.643  22.513  23.186  23.336  24.689  25.827  27.218
  28.515  29.465  32.120  32.380
            0.000000  0.550000  0.950000
  -3.158  -2.521   0.725   1.078   7.945   8.628   9.384  10.199  12.938  15.560
  16.118  18.908  20.483  21.942  22.562  23.027  23.164  24.728  25.953  27.017
  28.450  29.572  32.335  32.680
            0.000000  0.525000  0.975000
  -3.113  -2.557   0.792   0.963   8.225   8.622   9.218  10.058  12.985  15.645
  16.051  18.889  20.507  22.241  22.576  22.842  23.027  24.780  26.046  26.861
  28.402  29.640  32.578  32.937
            0.000000  0.500000  1.000000
  -3.093  -2.574   0.851   0.887   8.342   8.623   9.148  10.000  13.000  15.679
  16.020  18.883  20.519  22.461  22.526  22.730  22.962  24.803  26.076  26.806
  28.384  29.663  32.748  33.021
            0.000000  0.450000  0.900000
  -3.387  -2.303   0.685   1.221   8.047   8.488   9.134  10.548  12.786  15.321
  16.300  18.955  20.251  21.770  21.928  23.412  23.621  24.930  26.070  26.721
  28.774  29.666  31.541  32.674
           -0.000000  0.400000  0.800000
  -3.931  -1.793   0.744   1.634   7.680   8.250   8.998  11.293  12.531  14.799
  16.600  18.837  19.876  20.934  21.251  23.760  24.070  25.513  26.481  26.837
  29.028  29.761  30.679  32.762
           -0.000000  0.350000  0.700000
  -4.523  -1.182   0.994   2.084   7.351   8.057   8.945  11.007  12.844  14.547
  16.516  18.375  19.745  20.186  20.895  22.945  24.584  26.097  26.932  27.541
  28.621  30.502  31.128  32.764
           -0.000000  0.300000  0.600000
  -5.096  -0.488   1.388   2.540   7.089   7.901   9.001  10.312  12.713  14.761
  15.961  17.945  19.451  19.830  20.836  22.243  24.782  25.972  26.913  28.530
  29.465  30.697  31.328  32.545
            0.000000  0.250000  0.500000
  -5.611   0.282   1.886   2.973   6.908   7.742   9.128   9.582  12.305  14.650
  15.306  17.456  18.919  19.990  20.712  22.274  24.295  26.386  27.114  28.151
  29.830  30.988  32.065  33.876
            0.000000  0.200000  0.400000
  -6.050   1.121   2.453   3.361   6.811   7.550   8.884   9.154  12.031  14.239
  14.642  16.973  17.986  19.830  21.209  22.837  23.955  26.121  27.240  28.243
  30.259  31.366  32.696  35.457
            0.000000  0.150000  0.300000
  -6.401   2.013   3.046   3.691   6.780   7.335   8.255   8.790  12.200  13.835
  14.039  16.593  17.197  18.817  21.912  23.442  24.015  25.356  28.284  28.888
  30.603  31.339  32.743  36.775
           -0.000000  0.100000  0.200000
  -6.655   2.928   3.602   3.954   6.735   7.171   7.717   8.084  12.815  13.131
  13.976  16.349  16.644  17.726  21.246  24.361  24.632  25.268  29.476  29.668
  30.879  31.156  32.424  36.543
           -0.000000  0.050000  0.100000
  -6.809   3.771   4.029   4.132   6.524   7.148   7.322   7.409  12.578  13.619
  14.042  16.241  16.324  16.734  20.382  25.148  25.193  25.369  30.397  30.548
  30.856  31.429  32.134  35.797
            0.000000  0.000000  0.000000
  -6.860   4.196   4.196   4.196   6.297   7.167   7.167   7.167  12.373  14.084
  14.084  16.221  16.221  16.221  20.028  25.423  25.423  25.423  30.782  30.782
  30.782  32.022  32.022  35.460
