 &plot nbnd=  24, nks=    51 /
            0.500000  0.500000  0.500000
  -6.104  -2.838   3.031   3.031   4.857   8.519   8.519  13.017  15.481  15.751
  16.257  16.257  16.523  16.523  23.728  25.226  26.534  26.534  27.486  27.486
  30.785  30.785  30.795  32.597
            0.450000  0.450000  0.450000
  -6.196  -2.690   3.049   3.049   4.877   8.516   8.516  12.848  14.936  16.486
  15.498  15.498  17.367  17.367  22.874  26.186  25.891  25.891  27.939  27.939
  30.672  30.672  30.431  32.936
            0.400000  0.400000  0.400000
  -6.429  -2.290   3.102   3.102   4.935   8.501   8.501  12.322  14.615  17.337
  14.734  14.734  18.379  18.379  21.732  27.695  24.870  24.870  28.433  28.433
  30.447  30.447  29.527  33.805
            0.350000  0.350000  0.350000
  -6.727  -1.716   3.189   3.189   5.028   8.458   8.458  11.549  14.574  17.898
  14.113  14.113  19.371  19.371  20.997  28.354  23.877  23.877  28.714  28.714
  30.219  30.219  29.318  33.937
            0.300000  0.300000  0.300000
  -7.035  -1.027   3.308   3.308   5.147   8.365   8.365  10.681  14.653  17.747
  13.667  13.667  20.131  20.131  21.144  27.162  23.186  23.186  28.826  28.826
  30.013  30.013  30.882  33.547
            0.250000  0.250000  0.250000
  -7.320  -0.258   3.453   3.453   5.276   8.206   8.206   9.799  14.706  17.192
  13.417  13.417  20.176  20.176  21.931  26.021  23.301  23.301  28.833  28.833
  29.828  29.828  32.000  33.541
            0.200000  0.200000  0.200000
  -7.566   0.567   3.616   3.616   5.382   7.986   7.986   8.952  14.552  16.828
  13.359  13.359  19.572  19.572  22.817  25.099  24.163  24.163  28.785  28.785
  29.655  29.655  31.801  34.736
            0.150000  0.150000  0.150000
  -7.764   1.429   3.785   3.785   5.401   7.735   7.735   8.197  14.144  16.848
  13.459  13.459  18.816  18.816  23.087  24.997  25.269  25.269  28.715  28.715
  29.478  29.478  31.098  36.226
            0.100000  0.100000  0.100000
  -7.908   2.310   3.939   3.939   5.217   7.498   7.498   7.634  13.681  17.086
  13.656  13.656  18.128  18.128  22.568  25.883  26.389  26.389  28.636  28.636
  29.275  29.275  30.221  36.086
            0.050000  0.050000  0.050000
  -7.996   3.185   4.050   4.050   4.739   7.327   7.327   7.342  13.343  17.337
  13.856  13.856  17.631  17.631  22.064  26.997  27.384  27.384  28.512  28.512
  29.039  29.039  29.223  36.000
            0.000000  0.000000  0.000000
  -8.025   3.950   4.091   4.091   4.091   7.264   7.264   7.264  13.222  17.445
  13.944  13.944  17.445  17.445  21.868  28.043  28.043  28.043  28.225  28.225
  28.225  28.911  28.911  35.972
            0.000000  0.100000  0.000000
  -7.986   3.098   3.972   3.972   4.932   7.185   7.431   7.431  13.384  13.670
  13.991  17.642  17.517  17.517  22.135  26.963  26.963  27.467  28.298  29.154
  29.154  28.565  29.345  36.214
            0.000000  0.200000  0.000000
  -7.868   2.185   3.674   3.674   5.798   6.978   7.870   7.870  13.840  13.056
  14.132  18.088  17.728  17.728  22.877  25.723  25.723  26.518  28.530  29.966
  29.966  27.691  29.876  36.914
            0.000000  0.300000  0.000000
  -7.674   1.284   3.303   3.303   6.563   6.702   8.476   8.476  14.521  12.418
  14.367  18.629  18.065  18.065  23.933  24.482  24.482  25.494  28.963  30.572
  30.572  26.556  30.229  37.081
            0.000000  0.400000  0.000000
  -7.404   0.400   2.925   2.925   7.114   6.415   9.179   9.179  15.345  12.003
  14.696  19.243  18.486  18.486  25.088  23.321  23.321  24.472  29.676  30.993
  30.993  25.323  30.361  35.838
            0.000000  0.500000  0.000000
  -7.060  -0.464   2.576   2.576   7.326   6.158   9.936   9.936  16.221  12.001
  15.118  19.949  18.873  18.873  26.138  22.387  22.387  23.533  30.752  31.176
  31.176  24.076  30.242  34.639
            0.000000  0.600000  0.000000
  -6.645  -1.304   2.276   2.276   7.201   5.958  10.723  10.723  17.003  12.434
  15.633  20.764  18.917  18.917  26.969  22.005  22.005  22.810  31.978  30.877
  30.877  22.855  29.831  33.652
            0.000000  0.700000  0.000000
  -6.162  -2.118   2.035   2.035   6.891   5.833  11.512  11.512  17.441  13.160
  16.239  21.693  18.412  18.412  27.558  22.401  22.401  22.543  31.254  29.910
  29.910  21.684  29.084  32.489
            0.000000  0.800000  0.000000
  -5.616  -2.901   1.859   1.859   6.542   5.794  12.259  12.259  17.309  14.031
  16.935  22.723  17.669  17.669  27.715  23.295  23.295  22.936  30.044  28.582
  28.582  20.578  28.039  31.551
            0.000000  0.900000  0.000000
  -5.011  -3.648   1.753   1.753   6.231   5.847  12.862  12.862  16.709  14.959
  17.720  23.795  17.017  17.017  26.976  24.437  24.437  23.820  29.815  27.170
  27.170  19.545  26.886  30.815
            0.000000  1.000000  0.000000
  -4.353  -4.353   1.717   1.717   5.994   5.994  13.116  13.116  15.878  15.878
  18.591  24.489  16.742  16.742  24.489  25.533  25.533  26.204  26.204  25.982
  25.982  18.591  30.218  30.218
            0.000000  0.975000  0.075000
  -4.518  -4.179   1.676   1.681   6.050   6.143  12.955  13.008  15.481  15.721
  16.929  24.138  17.079  18.528  24.276  18.989  25.170  25.388  26.082  26.104
  26.677  26.677  29.961  30.244
            0.000000  0.950000  0.150000
  -4.665  -4.006   1.559   1.600   6.303   6.471  12.414  12.750  15.209  15.242
  17.091  18.779  17.587  23.388  19.725  23.823  24.820  25.415  26.170  26.198
  27.462  27.307  29.595  30.322
           -0.000000  0.925000  0.225000
  -4.789  -3.845   1.393   1.516   6.722   6.938  11.593  12.396  15.151  14.740
  17.139  19.229  17.998  22.649  20.699  23.307  24.643  25.428  26.147  26.235
  28.264  27.485  29.444  30.921
           -0.000000  0.900000  0.300000
  -4.888  -3.711   1.209   1.471   7.269   7.496  10.675  11.969  15.161  14.273
  17.157  19.734  18.353  22.061  21.745  22.846  24.596  25.225  26.025  26.041
  28.978  27.442  29.742  32.026
            0.000000  0.875000  0.375000
  -4.957  -3.616   1.033   1.491   7.907   8.059   9.817  11.491  15.134  13.851
  17.204  20.168  18.694  21.727  22.311  22.883  24.634  24.632  26.071  25.602
  29.539  27.532  30.390  33.332
            0.000000  0.850000  0.450000
  -4.996  -3.567   0.886   1.586   8.605   8.224   9.448  10.992  15.024  13.470
  17.302  20.413  19.039  21.743  22.064  23.497  24.502  23.856  26.250  25.514
  29.838  27.704  31.218  33.272
            0.000000  0.825000  0.525000
  -5.005  -3.565   0.777   1.742   9.304   7.650   9.924  10.529  14.835  13.123
  17.441  20.519  19.395  21.947  21.869  23.249  24.513  23.162  26.507  26.083
  29.742  27.827  32.166  32.891
           -0.000000  0.800000  0.600000
  -4.981  -3.605   0.716   1.923   9.642   7.001  10.582  10.457  14.628  12.812
  17.582  20.639  19.760  21.737  21.765  22.457  24.785  23.071  26.821  26.793
  29.256  27.785  32.455  32.685
           -0.000000  0.775000  0.675000
  -4.926  -3.678   0.705   2.061   9.300   6.515  11.166  11.052  14.508  12.573
  17.654  20.724  20.115  21.316  21.440  21.911  25.035  23.492  27.174  27.349
  28.482  27.542  31.717  32.353
            0.000000  0.750000  0.750000
  -4.838  -3.780   0.746   2.075   8.863   6.302  11.521  11.534  14.612  12.598
  17.557  20.517  20.305  21.443  20.686  22.053  25.132  24.014  27.464  27.240
  27.623  27.625  31.181  31.939
            0.000000  0.725000  0.775000
  -4.832  -3.785   0.750   2.053   8.866   6.343  11.481  11.464  14.644  12.669
  17.531  20.542  20.129  21.469  20.861  22.067  25.090  24.015  27.192  27.262
  27.879  27.589  31.205  31.931
            0.000000  0.700000  0.800000
  -4.816  -3.798   0.761   1.990   8.873   6.461  11.367  11.291  14.734  12.844
  17.460  20.613  19.844  21.549  21.143  22.110  24.975  24.018  26.844  27.304
  28.173  27.498  31.276  31.920
            0.000000  0.675000  0.825000
  -4.788  -3.821   0.780   1.894   8.884   6.650  11.193  11.072  14.861  13.067
  17.360  20.719  19.547  21.681  21.429  22.185  24.803  24.024  26.492  27.200
  28.430  27.501  31.400  31.937
            0.000000  0.650000  0.850000
  -4.750  -3.854   0.806   1.776   8.898   6.897  10.978  10.836  14.994  13.311
  17.258  20.850  19.252  21.860  21.693  22.301  24.597  24.033  26.142  26.927
  28.637  27.612  31.582  32.012
            0.000000  0.625000  0.875000
  -4.700  -3.897   0.840   1.647   8.914   7.192  10.736  10.597  15.104  13.561
  17.182  20.999  18.962  22.077  21.909  22.472  24.377  24.044  25.800  26.570
  28.785  27.748  31.823  32.157
            0.000000  0.600000  0.900000
  -4.639  -3.951   0.880   1.517   8.927   7.524  10.480  10.365  15.157  13.811
  17.160  21.164  18.680  22.321  22.063  22.697  24.160  24.058  25.473  26.159
  28.867  27.895  32.120  32.371
            0.000000  0.575000  0.925000
  -4.568  -4.017   0.927   1.392   8.934   7.881  10.221  10.148  15.136  14.056
  17.210  21.345  18.410  22.579  22.153  22.950  23.973  24.069  25.173  25.720
  28.884  28.051  32.466  32.646
            0.000000  0.550000  0.950000
  -4.486  -4.096   0.980   1.279   8.926   8.248   9.975   9.957  15.044  14.291
  17.329  21.539  18.152  22.836  22.173  23.183  23.848  24.067  24.922  25.289
  28.837  28.215  32.851  32.968
            0.000000  0.525000  0.975000
  -4.393  -4.186   1.040   1.182   8.888   8.591   9.772   9.807  14.897  14.513
  17.497  21.743  17.912  23.075  22.108  23.316  23.837  24.022  24.766  24.926
  28.730  28.388  33.260  33.322
            0.000000  0.500000  1.000000
  -4.289  -4.289   1.105   1.105   8.810   8.810   9.711   9.711  14.716  14.716
  17.693  17.693  21.949  23.265  21.949  23.265  23.925  23.925  24.747  24.747
  28.569  28.569  33.592  33.592
            0.000000  0.450000  0.900000
  -4.765  -3.809   0.935   1.406   8.425   8.601   9.503  10.641  13.887  15.154
  17.206  18.578  20.899  22.219  22.390  23.198  24.051  24.305  25.198  25.594
  27.838  29.407  31.722  33.579
           -0.000000  0.400000  0.800000
  -5.297  -3.240   0.965   1.757   8.075   8.142   9.411  11.602  13.389  14.753
  17.494  19.332  19.659  21.072  21.758  23.598  24.120  24.613  26.044  26.985
  27.654  29.804  30.632  33.260
           -0.000000  0.350000  0.700000
  -5.845  -2.584   1.169   2.137   7.759   7.742   9.423  11.338  14.183  14.037
  17.363  19.504  19.022  20.254  21.571  23.189  24.083  24.775  27.513  27.446
  28.142  29.556  31.687  33.172
           -0.000000  0.300000  0.600000
  -6.372  -1.841   1.515   2.523   7.456   7.435   9.514  10.562  15.339  13.327
  16.260  19.222  18.827  20.312  21.396  22.933  23.736  25.298  28.552  26.633
  29.387  30.807  31.480  32.997
            0.000000  0.250000  0.500000
  -6.851  -1.016   1.967   2.898   7.135   7.228   9.594   9.763  15.844  12.722
  15.201  19.212  18.308  20.890  20.818  23.690  23.127  25.889  29.085  26.123
  30.882  29.418  32.653  33.178
            0.000000  0.200000  0.400000
  -7.261  -0.112   2.489   3.247   6.765   7.121   9.430   9.019  15.462  12.399
  14.483  18.868  17.857  20.680  21.533  24.671  23.181  26.532  29.468  25.648
  31.313  28.198  32.725  34.113
            0.000000  0.150000  0.300000
  -7.590   0.864   3.037   3.561   6.317   7.105   8.844   8.357  14.718  12.566
  14.113  18.268  17.558  19.706  23.147  25.676  23.672  27.234  29.682  25.073
  30.833  27.827  31.744  35.744
           -0.000000  0.100000  0.200000
  -7.830   1.897   3.550   3.828   5.744   7.156   8.075   7.804  13.969  13.084
  13.974  17.809  17.425  18.659  24.950  26.636  23.014  27.971  29.649  25.730
  30.101  27.937  30.582  36.650
           -0.000000  0.050000  0.100000
  -7.976   2.964   3.940   4.019   4.980   7.229   7.479   7.412  13.423  13.665
  13.944  17.535  17.422  17.806  26.682  27.505  22.194  28.611  29.208  26.895
  29.339  28.135  29.372  36.157
            0.000000  0.000000  0.000000
  -8.025   3.950   4.091   4.091   4.091   7.264   7.264   7.264  13.222  13.944
  13.944  17.445  17.445  17.445  28.043  28.043  21.868  28.043  28.225  28.225
  28.225  35.972  28.911  28.911
