 &plot nbnd=  24, nks=    51 /
            0.500000  0.500000  0.500000
  -6.343  -3.561   2.643   2.643   4.428   6.782   6.782   9.426  13.606  14.579
  14.579  14.716  14.716  15.722  22.347  22.842  24.559  24.559  25.504  25.504
  27.863  29.782  29.909  29.909
            0.450000  0.450000  0.450000
  -6.476  -3.365   2.660   2.660   4.450   6.811   6.811   9.469  13.221  13.603
  13.603  15.769  15.769  16.066  21.117  24.131  23.539  23.539  26.433  26.433
  27.004  30.622  29.932  29.932
            0.400000  0.400000  0.400000
  -6.791  -2.859   2.711   2.711   4.516   6.894   6.894   9.591  12.453  12.658
  12.658  16.944  16.944  16.576  19.967  24.891  22.179  22.179  27.416  27.416
  26.409  29.951  29.951  31.026
            0.350000  0.350000  0.350000
  -7.168  -2.165   2.796   2.796   4.626   7.012   7.012   9.768  11.631  11.831
  11.831  18.118  18.118  16.426  19.657  23.709  20.899  20.899  27.919  27.919
  27.794  29.871  29.871  31.961
            0.300000  0.300000  0.300000
  -7.540  -1.355   2.914   2.914   4.781   7.126   7.126   9.867  10.957  11.164
  11.164  18.764  18.764  15.472  20.236  22.364  20.256  20.256  28.042  28.042
  29.475  29.715  29.715  32.081
            0.250000  0.250000  0.250000
  -7.875  -0.465   3.064   3.064   4.979   7.177   7.177   9.471  10.843  10.722
  10.722  17.923  17.923  14.299  20.521  21.727  21.215  21.215  28.001  28.001
  31.193  29.534  29.534  31.679
            0.200000  0.200000  0.200000
  -8.159   0.484   3.241   3.241   5.216   7.100   7.100   8.723  11.061  10.568
  10.568  16.812  16.812  13.242  19.461  22.640  22.550  22.550  27.910  27.910
  31.093  29.350  29.350  32.914
            0.150000  0.150000  0.150000
  -8.385   1.468   3.434   3.434   5.478   6.894   6.894   7.910  10.996  10.706
  10.706  15.746  15.746  12.719  18.312  23.788  23.927  23.927  27.825  27.825
  30.385  29.168  29.168  33.667
            0.100000  0.100000  0.100000
  -8.549   2.453   3.621   3.621   5.722   6.635   6.635   7.101  10.428  11.059
  11.059  14.784  14.784  12.950  17.274  24.955  25.241  25.241  27.785  27.785
  29.565  28.971  28.971  33.502
            0.050000  0.050000  0.050000
  -8.648   3.353   3.766   3.766   5.784   6.422   6.422   6.469   9.883  11.493
  11.493  14.008  14.008  13.410  16.449  26.053  26.292  26.292  27.870  27.870
  28.684  28.707  28.707  33.402
            0.000000  0.000000  0.000000
  -8.681   3.822   3.822   3.822   5.574   6.340   6.340   6.340   9.670  11.731
  11.731  13.658  13.658  13.658  16.089  26.702  26.702  26.702  28.107  28.107
  28.107  28.419  28.419  33.368
            0.000000  0.100000  0.000000
  -8.637   3.412   3.631   3.631   5.984   6.142   6.582   6.582   9.944  11.110
  11.780  13.744  13.744  13.990  16.605  25.899  25.899  26.739  27.312  28.703
  28.703  27.879  29.079  33.675
            0.000000  0.200000  0.000000
  -8.505   2.637   3.202   3.202   5.678   6.712   7.162   7.162  10.003  10.713
  11.926  14.001  14.001  14.419  17.930  24.575  24.575  26.250  26.906  29.440
  29.440  26.684  29.684  34.550
            0.000000  0.300000  0.000000
  -8.286   1.792   2.711   2.711   5.145   7.123   7.900   7.900   9.393  11.628
  12.170  14.431  14.431  14.841  19.659  23.180  23.180  25.179  27.131  29.989
  29.989  25.289  30.049  35.241
            0.000000  0.400000  0.000000
  -7.982   0.932   2.239   2.239   4.631   6.674   8.708   8.708   9.770  12.693
  12.511  15.036  15.036  15.351  21.562  21.804  21.804  24.108  27.471  30.401
  30.401  23.864  30.077  33.743
            0.000000  0.500000  0.000000
  -7.597   0.069   1.817   1.817   4.175   5.871   9.551   9.551  10.663  13.818
  12.949  15.804  15.804  16.000  23.027  20.491  20.491  23.578  27.950  30.587
  30.587  22.470  29.579  32.208
            0.000000  0.600000  0.000000
  -7.135  -0.793   1.461   1.461   3.797   5.111  10.412  10.412  11.668  14.921
  13.483  16.673  16.673  16.822  22.165  19.315  19.315  25.377  28.410  29.642
  29.642  21.135  28.620  30.954
            0.000000  0.700000  0.000000
  -6.608  -1.642   1.179   1.179   3.506   4.491  11.284  11.284  12.671  15.858
  14.113  17.165  17.165  17.840  21.525  18.754  18.754  26.757  26.910  27.916
  27.916  19.875  28.488  30.494
            0.000000  0.800000  0.000000
  -6.037  -2.451   0.975   0.975   3.307   4.034  12.159  12.159  13.611  16.402
  14.836  16.477  16.477  19.037  21.380  19.608  19.608  25.267  26.526  26.129
  26.129  18.697  28.152  30.852
            0.000000  0.900000  0.000000
  -5.489  -3.146   0.851   0.851   3.196   3.751  12.992  12.992  14.402  16.429
  15.646  15.568  15.568  20.352  21.851  20.922  20.922  23.738  25.014  24.426
  24.426  17.613  28.798  30.319
            0.000000  1.000000  0.000000
  -5.207  -3.479   0.810   0.810   3.162   3.653  13.467  13.467  14.777  16.290
  16.372  15.057  15.057  21.481  21.885  21.946  21.946  23.197  23.978  23.281
  23.281  16.794  29.212  29.938
            0.000000  0.975000  0.075000
  -5.220  -3.440   0.691   0.699   3.347   3.835  13.076  13.318  14.216  14.896
  15.462  16.342  16.767  20.920  21.569  17.238  21.668  22.262  23.310  23.452
  23.810  24.335  28.885  29.673
            0.000000  0.950000  0.150000
  -5.255  -3.334   0.399   0.457   3.823   4.309  12.062  12.872  13.748  14.867
  15.592  16.491  17.444  20.004  18.305  21.091  22.414  21.439  23.531  23.764
  24.936  25.131  28.111  29.072
           -0.000000  0.925000  0.225000
  -5.298  -3.190   0.045   0.213   4.470   4.964  10.861  12.193  13.432  14.916
  15.622  16.713  18.104  19.246  19.441  20.597  21.401  22.529  23.786  24.247
  26.036  26.088  27.201  28.481
           -0.000000  0.900000  0.300000
  -5.336  -3.049  -0.303   0.053   5.219   5.734   9.644  11.434  13.167  14.810
  15.783  16.936  18.176  19.241  19.776  20.818  21.650  22.653  24.009  24.709
  26.219  26.745  26.977  28.656
            0.000000  0.875000  0.375000
  -5.362  -2.951  -0.611   0.030   6.023   6.577   8.481  10.675  12.899  14.511
  16.067  17.137  17.795  19.528  19.871  21.158  22.525  22.833  24.060  24.374
  26.124  26.711  27.682  29.890
            0.000000  0.850000  0.450000
  -5.371  -2.921  -0.861   0.168   6.664   7.337   7.725   9.953  12.607  14.066
  16.396  17.297  17.599  19.372  20.512  21.377  22.987  23.395  23.579  23.838
  26.090  27.430  28.042  30.363
            0.000000  0.825000  0.525000
  -5.362  -2.953  -1.041   0.448   6.028   7.921   8.527   9.336  12.283  13.533
  16.710  17.378  17.713  19.340  20.968  21.651  22.476  23.072  23.272  24.577
  26.127  27.597  28.658  29.879
           -0.000000  0.800000  0.600000
  -5.338  -3.021  -1.143   0.814   5.098   8.227   9.313   9.533  11.930  12.972
  16.967  17.507  18.034  19.381  20.736  21.715  22.120  22.634  23.577  25.191
  25.993  26.830  29.184  29.518
           -0.000000  0.775000  0.675000
  -5.301  -3.099  -1.163   1.160   4.327   7.775  10.152  10.539  11.560  12.453
  17.162  17.744  18.470  19.410  19.915  21.026  22.323  23.021  23.892  25.098
  25.793  26.065  28.584  29.088
            0.000000  0.750000  0.750000
  -5.253  -3.168  -1.099   1.273   3.939   7.246  11.000  11.280  11.312  12.259
  17.230  18.054  18.907  19.143  19.324  20.364  22.489  23.568  23.927  24.671
  25.046  26.254  28.081  28.801
            0.000000  0.725000  0.775000
  -5.250  -3.167  -1.094   1.216   4.012   7.251  10.775  11.133  11.534  12.412
  17.192  18.045  18.757  19.207  19.422  20.426  22.440  23.549  23.807  24.720
  25.187  26.253  28.087  28.784
            0.000000  0.700000  0.800000
  -5.240  -3.162  -1.079   1.064   4.214   7.263  10.444  10.822  11.859  12.735
  17.076  18.015  18.572  19.153  19.723  20.579  22.312  23.429  23.618  24.861
  25.491  26.241  28.108  28.735
            0.000000  0.675000  0.825000
  -5.224  -3.156  -1.053   0.851   4.510   7.284  10.106  10.467  12.188  13.108
  16.892  17.948  18.441  19.109  20.066  20.765  22.146  23.121  23.570  25.055
  25.835  26.198  28.153  28.673
            0.000000  0.650000  0.850000
  -5.203  -3.147  -1.017   0.609   4.870   7.314   9.771  10.102  12.510  13.492
  16.662  17.819  18.385  19.118  20.401  20.938  22.004  22.775  23.559  25.265
  26.041  26.216  28.242  28.630
            0.000000  0.625000  0.875000
  -5.178  -3.139  -0.972   0.360   5.270   7.350   9.443   9.739  12.821  13.867
  16.414  17.629  18.402  19.179  20.641  21.106  21.951  22.441  23.562  25.468
  25.838  26.499  28.398  28.650
            0.000000  0.600000  0.900000
  -5.150  -3.131  -0.917   0.121   5.695   7.394   9.128   9.383  13.117  14.210
  16.175  17.408  18.473  19.275  20.654  21.377  21.922  22.222  23.576  25.478
  25.693  26.721  28.627  28.773
            0.000000  0.575000  0.925000
  -5.122  -3.125  -0.854  -0.097   6.128   7.448   8.834   9.038  13.390  14.488
  15.983  17.182  18.585  19.369  20.543  21.654  21.740  22.304  23.600  25.075
  25.871  26.837  28.911  29.027
            0.000000  0.550000  0.950000
  -5.097  -3.123  -0.785  -0.284   6.537   7.521   8.571   8.710  13.630  14.648
  15.888  16.972  18.734  19.405  20.461  21.391  22.046  22.470  23.636  24.633
  26.049  26.847  29.240  29.393
            0.000000  0.525000  0.975000
  -5.078  -3.123  -0.717  -0.425   6.847   7.653   8.354   8.423  13.813  14.675
  15.899  16.811  18.917  19.321  20.484  21.145  22.330  22.593  23.671  24.254
  26.208  26.779  29.614  29.820
            0.000000  0.500000  1.000000
  -5.071  -3.124  -0.682  -0.485   6.953   7.793   8.245   8.264  13.888  14.657
  15.927  16.748  19.114  19.148  20.536  21.028  22.512  22.582  23.669  24.107
  26.289  26.720  29.914  30.216
            0.000000  0.450000  0.900000
  -5.215  -3.033  -0.813  -0.112   6.700   7.370   7.909   9.488  13.148  14.547
  15.996  17.196  18.081  19.469  20.727  21.089  22.310  23.151  23.663  24.154
  25.952  27.428  28.083  30.524
           -0.000000  0.400000  0.800000
  -5.642  -2.708  -0.696   0.437   6.360   6.958   7.687  11.057  12.083  13.675
  16.725  16.953  17.205  19.288  19.636  21.745  23.377  23.615  23.807  23.955
  26.076  26.751  28.592  30.538
           -0.000000  0.350000  0.700000
  -6.213  -2.182  -0.352   1.057   6.061   6.723   7.559  11.039  12.267  13.078
  15.964  16.445  17.129  18.380  19.683  21.305  23.040  24.170  24.270  24.924
  26.522  27.455  29.203  30.213
           -0.000000  0.300000  0.600000
  -6.803  -1.510   0.154   1.696   5.834   6.697   7.488  10.063  11.684  13.745
  15.014  15.821  16.422  18.464  19.148  21.836  21.635  24.153  24.738  26.876
  27.170  27.985  28.689  31.339
            0.000000  0.250000  0.500000
  -7.348  -0.722   0.780   2.296   5.700   6.861   7.460   9.163  10.985  13.187
  14.025  14.838  16.993  17.725  19.286  21.005  22.829  23.597  25.221  25.750
  28.307  29.240  30.721  31.926
            0.000000  0.200000  0.400000
  -7.816   0.167   1.492   2.807   5.673   6.941   7.674   8.349  10.379  12.133
  13.025  14.227  15.694  18.032  19.635  21.663  22.172  23.972  25.581  25.789
  28.750  30.867  32.133  32.225
            0.000000  0.150000  0.300000
  -8.190   1.143   2.250   3.213   5.761   6.711   7.623   8.089   9.808  11.498
  11.995  13.818  14.727  16.675  19.886  21.703  23.261  25.129  25.884  26.403
  29.017  30.617  31.175  33.759
           -0.000000  0.100000  0.200000
  -8.461   2.184   2.985   3.525   5.956   6.363   7.003   7.633  10.094  10.883
  11.519  13.597  14.105  15.411  18.106  23.769  24.579  26.182  26.342  27.131
  29.077  29.839  30.021  34.327
           -0.000000  0.050000  0.100000
  -8.626   3.216   3.577   3.741   5.959   6.208   6.533   6.705  10.011  11.101
  11.651  13.586  13.766  14.290  16.693  25.652  25.875  26.567  27.307  27.912
  28.718  28.874  29.076  33.640
            0.000000  0.000000  0.000000
  -8.681   3.822   3.822   3.822   5.574   6.340   6.340   6.340   9.670  11.731
  11.731  13.658  13.658  13.658  16.089  26.702  26.702  26.702  28.107  28.107
  28.107  28.419  28.419  33.368
