 &plot nbnd=  12, nks=    51 /
            0.500000  0.500000  0.500000
  -4.684  -2.113   3.124   3.124   5.701   8.187   8.187  11.354  14.430  15.274
  15.274  15.989
            0.450000  0.450000  0.450000
  -4.807  -1.934   3.141   3.141   5.718   8.191   8.191  11.302  14.254  14.971
  14.971  16.189
            0.400000  0.400000  0.400000
  -5.099  -1.473   3.194   3.194   5.770   8.197   8.197  11.124  13.953  14.391
  14.391  16.531
            0.350000  0.350000  0.350000
  -5.449  -0.845   3.280   3.280   5.856   8.188   8.188  10.786  13.757  13.834
  13.834  16.677
            0.300000  0.300000  0.300000
  -5.795  -0.117   3.398   3.398   5.972   8.139   8.139  10.294  13.709  13.410
  13.410  16.451
            0.250000  0.250000  0.250000
  -6.108   0.677   3.543   3.543   6.114   8.025   8.025   9.695  13.725  13.172
  13.172  15.983
            0.200000  0.200000  0.200000
  -6.373   1.511   3.708   3.708   6.269   7.844   7.844   9.035  13.626  13.140
  13.140  15.617
            0.150000  0.150000  0.150000
  -6.584   2.358   3.880   3.880   6.416   7.618   7.618   8.355  13.279  13.295
  13.295  15.600
            0.100000  0.100000  0.100000
  -6.737   3.179   4.037   4.037   6.507   7.395   7.395   7.716  12.835  13.587
  13.587  15.832
            0.050000  0.050000  0.050000
  -6.829   3.877   4.153   4.153   6.434   7.229   7.229   7.280  12.497  13.917
  13.917  16.101
            0.000000  0.000000  0.000000
  -6.860   4.196   4.196   4.196   6.297   7.167   7.167   7.167  12.373  14.084
  14.084  16.221
            0.000000  0.100000  0.000000
  -6.819   3.913   4.064   4.064   6.514   7.111   7.340   7.340  12.538  13.627
  14.130  16.303
            0.000000  0.200000  0.000000
  -6.695   3.290   3.741   3.741   6.678   7.217   7.783   7.783  12.767  13.011
  14.268  16.549
            0.000000  0.300000  0.000000
  -6.490   2.547   3.344   3.344   6.438   7.609   8.379   8.379  12.020  13.668
  14.497  16.953
            0.000000  0.400000  0.000000
  -6.206   1.760   2.944   2.944   6.136   7.787   9.048   9.048  11.619  14.450
  14.814  17.500
            0.000000  0.500000  0.000000
  -5.843   0.955   2.577   2.577   5.858   7.604   9.749   9.749  11.690  15.248
  15.215  18.148
            0.000000  0.600000  0.000000
  -5.406   0.144   2.262   2.262   5.634   7.186  10.450  10.450  12.097  15.941
  15.691  18.753
            0.000000  0.700000  0.000000
  -4.899  -0.661   2.010   2.010   5.482   6.717  11.118  11.118  12.640  16.391
  16.224  18.878
            0.000000  0.800000  0.000000
  -4.329  -1.448   1.826   1.826   5.409   6.302  11.705  11.705  13.178  16.542
  16.776  18.451
            0.000000  0.900000  0.000000
  -3.711  -2.198   1.714   1.714   5.407   5.998  12.129  12.129  13.595  16.496
  17.252  18.008
            0.000000  1.000000  0.000000
  -3.228  -2.726   1.677   1.677   5.428   5.873  12.289  12.289  13.759  16.446
  17.459  17.831
            0.000000  0.975000  0.075000
  -3.276  -2.661   1.621   1.628   5.536   5.990  12.161  12.242  13.677  16.338
  17.041  17.972
            0.000000  0.950000  0.150000
  -3.373  -2.517   1.469   1.513   5.842   6.315  11.764  12.104  13.484  16.099
  16.647  18.262
           -0.000000  0.925000  0.225000
  -3.467  -2.358   1.258   1.389   6.301   6.798  11.121  11.878  13.262  15.807
  16.457  18.548
           -0.000000  0.900000  0.300000
  -3.542  -2.220   1.030   1.313   6.869   7.382  10.329  11.572  13.032  15.524
  16.406  18.773
            0.000000  0.875000  0.375000
  -3.590  -2.129   0.816   1.323   7.493   8.003   9.510  11.207  12.797  15.268
  16.421  18.912
            0.000000  0.850000  0.450000
  -3.611  -2.097   0.636   1.433   7.953   8.495   9.030  10.838  12.563  15.022
  16.466  18.977
            0.000000  0.825000  0.525000
  -3.604  -2.120   0.504   1.627   7.489   9.041   9.330  10.610  12.338  14.778
  16.518  19.045
           -0.000000  0.800000  0.600000
  -3.571  -2.184   0.428   1.856   6.816   9.230   9.840  10.773  12.149  14.566
  16.561  19.202
           -0.000000  0.775000  0.675000
  -3.513  -2.269   0.412   2.037   6.291   8.923  10.514  11.066  12.074  14.473
  16.576  19.479
            0.000000  0.750000  0.750000
  -3.433  -2.364   0.459   2.066   6.042   8.534  11.026  11.155  12.202  14.614
  16.540  19.778
            0.000000  0.725000  0.775000
  -3.428  -2.366   0.463   2.038   6.085   8.536  10.916  11.203  12.220  14.645
  16.532  19.642
            0.000000  0.700000  0.800000
  -3.414  -2.371   0.476   1.958   6.209   8.544  10.726  11.207  12.280  14.731
  16.507  19.473
            0.000000  0.675000  0.825000
  -3.390  -2.382   0.498   1.838   6.404   8.556  10.510  11.126  12.380  14.858
  16.467  19.321
            0.000000  0.650000  0.850000
  -3.356  -2.397   0.527   1.691   6.656   8.572  10.282  10.979  12.506  15.008
  16.414  19.191
            0.000000  0.625000  0.875000
  -3.315  -2.419   0.565   1.531   6.951   8.590  10.049  10.792  12.636  15.163
  16.349  19.085
            0.000000  0.600000  0.900000
  -3.266  -2.447   0.611   1.369   7.274   8.609   9.817  10.588  12.758  15.313
  16.275  19.004
            0.000000  0.575000  0.925000
  -3.212  -2.482   0.664   1.216   7.613   8.623   9.592  10.384  12.861  15.447
  16.196  18.945
            0.000000  0.550000  0.950000
  -3.158  -2.521   0.725   1.078   7.945   8.628   9.384  10.199  12.938  15.560
  16.118  18.908
            0.000000  0.525000  0.975000
  -3.113  -2.557   0.792   0.963   8.226   8.622   9.218  10.058  12.985  15.645
  16.051  18.889
            0.000000  0.500000  1.000000
  -3.093  -2.574   0.851   0.887   8.342   8.623   9.148  10.000  13.000  15.679
  16.020  18.883
            0.000000  0.450000  0.900000
  -3.387  -2.303   0.685   1.221   8.047   8.488   9.134  10.548  12.786  15.321
  16.300  18.955
           -0.000000  0.400000  0.800000
  -3.931  -1.793   0.744   1.634   7.680   8.250   8.998  11.293  12.531  14.799
  16.600  18.837
           -0.000000  0.350000  0.700000
  -4.523  -1.182   0.994   2.084   7.351   8.057   8.945  11.007  12.844  14.547
  16.516  18.375
           -0.000000  0.300000  0.600000
  -5.096  -0.488   1.388   2.540   7.089   7.901   9.001  10.312  12.713  14.761
  15.961  17.945
            0.000000  0.250000  0.500000
  -5.611   0.282   1.886   2.973   6.908   7.742   9.128   9.582  12.305  14.650
  15.306  17.456
            0.000000  0.200000  0.400000
  -6.050   1.121   2.453   3.361   6.811   7.550   8.884   9.154  12.031  14.239
  14.642  16.973
            0.000000  0.150000  0.300000
  -6.401   2.013   3.046   3.691   6.780   7.335   8.255   8.790  12.200  13.835
  14.039  16.593
           -0.000000  0.100000  0.200000
  -6.655   2.928   3.602   3.955   6.735   7.171   7.717   8.084  12.815  13.131
  13.976  16.349
           -0.000000  0.050000  0.100000
  -6.809   3.771   4.029   4.132   6.524   7.148   7.322   7.409  12.578  13.619
  14.042  16.241
            0.000000  0.000000  0.000000
  -6.860   4.196   4.196   4.196   6.297   7.167   7.167   7.167  12.373  14.084
  14.084  16.221
