 &plot nbnd=  24, nks=    51 /
            0.500000  0.500000  0.500000
  -6.597  -2.708   2.198   2.198   4.385   7.431   7.431  10.895  14.196  14.466
  14.905  14.905  17.129  17.129  22.581  24.906  25.656  25.656  27.861  27.861
  30.345  30.345  32.326  33.125
            0.450000  0.450000  0.450000
  -6.667  -2.584   2.215   2.215   4.401   7.422   7.422  10.775  13.847  14.916
  14.667  14.667  17.430  17.430  22.126  25.403  25.351  25.351  27.803  27.803
  30.636  30.636  31.311  33.242
            0.400000  0.400000  0.400000
  -6.851  -2.240   2.269   2.269   4.448   7.392   7.392  10.425  13.560  15.457
  14.196  14.196  18.077  18.077  21.361  26.226  24.625  24.625  27.733  27.733
  31.124  31.124  30.138  33.705
            0.350000  0.350000  0.350000
  -7.097  -1.729   2.357   2.357   4.522   7.329   7.329   9.891  13.430  15.835
  13.742  13.742  18.756  18.756  20.804  26.503  23.816  23.816  27.720  27.720
  31.369  31.369  29.637  34.611
            0.300000  0.300000  0.300000
  -7.361  -1.099   2.476   2.476   4.618   7.217   7.217   9.241  13.382  15.930
  13.409  13.409  19.205  19.205  20.683  25.845  23.231  23.231  27.779  27.779
  31.387  31.387  30.060  35.625
            0.250000  0.250000  0.250000
  -7.611  -0.385   2.622   2.622   4.726   7.050   7.050   8.536  13.299  15.826
  13.239  13.239  19.161  19.161  20.976  24.858  23.133  23.133  27.938  27.938
  31.311  31.311  30.656  35.928
            0.200000  0.200000  0.200000
  -7.832   0.386   2.787   2.787   4.824   6.834   6.834   7.816  13.078  15.774
  13.240  13.240  18.653  18.653  21.425  23.976  23.454  23.454  28.242  28.242
  31.217  31.217  30.929  36.296
            0.150000  0.150000  0.150000
  -8.011   1.193   2.957   2.957   4.868   6.595   6.595   7.129  12.727  15.898
  13.393  13.393  17.953  17.953  21.575  23.596  23.880  23.880  28.715  28.715
  31.147  31.147  30.812  36.095
            0.100000  0.100000  0.100000
  -8.142   2.010   3.114   3.114   4.769   6.371   6.371   6.564  12.362  16.143
  13.651  13.651  17.258  17.258  21.195  23.878  24.217  24.217  29.299  29.299
  31.146  31.146  30.469  35.947
            0.050000  0.050000  0.050000
  -8.222   2.790   3.228   3.228   4.424   6.208   6.208   6.238  12.097  16.385
  13.925  13.925  16.711  16.711  20.751  24.296  24.414  24.414  29.789  29.789
  31.251  31.251  30.118  35.856
            0.000000  0.000000  0.000000
  -8.249   3.271   3.271   3.271   4.072   6.148   6.148   6.148  12.001  16.489
  14.055  14.055  16.489  16.489  20.569  24.477  24.477  24.477  29.967  29.967
  29.967  31.350  31.350  35.826
            0.000000  0.100000  0.000000
  -8.213   2.761   3.148   3.148   4.560   6.088   6.310   6.310  12.129  13.684
  14.099  16.763  16.567  16.567  20.814  24.287  24.287  24.449  29.807  29.941
  29.941  30.806  31.580  36.053
            0.000000  0.200000  0.000000
  -8.106   1.986   2.847   2.847   5.256   5.924   6.725   6.725  12.487  12.937
  14.231  17.287  16.799  16.799  21.420  23.760  23.760  24.449  29.542  29.894
  29.894  29.626  32.021  36.548
            0.000000  0.300000  0.000000
  -7.930   1.191   2.473   2.473   5.703   5.871   7.286   7.286  12.189  13.034
  14.448  17.843  17.175  17.175  21.970  23.003  23.003  24.781  29.368  29.869
  29.869  28.268  32.386  36.701
            0.000000  0.400000  0.000000
  -7.688   0.404   2.095   2.095   5.470   6.301   7.920   7.920  11.673  13.666
  14.748  18.429  17.670  17.670  22.086  22.144  22.144  25.703  29.337  29.856
  29.856  26.898  32.477  36.098
            0.000000  0.500000  0.000000
  -7.386  -0.362   1.747   1.747   5.260   6.457   8.583   8.583  11.505  14.302
  15.123  19.068  18.209  18.209  21.982  21.338  21.338  26.836  29.482  29.793
  29.793  25.581  32.193  34.932
            0.000000  0.600000  0.000000
  -7.035  -1.095   1.448   1.448   5.098   6.341   9.243   9.243  11.697  14.818
  15.563  19.763  18.555  18.555  21.997  20.875  20.875  27.510  29.660  29.557
  29.557  24.353  31.950  33.638
            0.000000  0.700000  0.000000
  -6.653  -1.776   1.207   1.207   5.001   6.063   9.865   9.865  12.142  15.081
  16.044  20.525  18.358  18.358  22.335  21.138  21.138  27.360  29.142  29.013
  29.013  23.249  32.426  32.792
            0.000000  0.800000  0.000000
  -6.273  -2.370   1.032   1.032   4.980   5.740  10.401  10.401  12.706  15.035
  16.524  21.404  17.864  17.864  23.008  21.886  21.886  26.540  28.173  28.181
  28.181  22.321  31.837  33.413
            0.000000  0.900000  0.000000
  -5.965  -2.807   0.925   0.925   5.037   5.451  10.778  10.778  13.268  14.760
  16.912  22.397  17.449  17.449  23.816  22.675  22.675  25.458  27.140  27.323
  27.323  21.663  31.552  33.375
            0.000000  1.000000  0.000000
  -5.838  -2.976   0.889   0.889   5.123   5.284  10.917  10.917  13.576  14.542
  17.069  23.084  17.291  17.291  24.136  23.053  23.053  24.904  26.556  26.916
  26.916  21.415  31.482  33.386
            0.000000  0.975000  0.075000
  -5.844  -2.957   0.846   0.857   5.205   5.389  10.825  10.859  13.492  14.495
  16.692  17.764  17.367  21.513  22.625  22.961  23.253  24.208  25.122  26.044
  27.052  27.631  31.085  33.041
            0.000000  0.950000  0.150000
  -5.860  -2.905   0.726   0.779   5.451   5.677  10.525  10.704  13.313  14.354
  16.360  17.558  18.351  21.782  22.091  22.665  23.302  24.361  25.555  25.702
  27.424  28.601  30.293  32.526
           -0.000000  0.925000  0.225000
  -5.882  -2.833   0.557   0.696   5.838   6.097  10.015  10.479  13.125  14.154
  16.155  17.789  18.879  21.549  22.083  22.415  23.391  24.441  25.470  26.265
  27.927  29.076  29.909  32.225
           -0.000000  0.900000  0.300000
  -5.905  -2.760   0.370   0.648   6.334   6.592   9.364  10.200  12.920  13.981
  16.030  18.009  19.277  21.180  21.765  22.766  23.557  24.493  25.524  26.876
  28.238  28.563  30.499  32.483
            0.000000  0.875000  0.375000
  -5.925  -2.705   0.192   0.667   6.900   7.063   8.715   9.882  12.663  13.899
  15.927  18.190  19.520  21.027  21.390  23.087  23.735  24.659  25.723  26.883
  28.165  28.817  30.921  32.740
            0.000000  0.850000  0.450000
  -5.937  -2.679   0.041   0.761   7.163   7.509   8.438   9.546  12.374  13.899
  15.805  18.341  19.673  20.926  21.179  23.301  23.787  24.878  26.005  26.357
  28.569  29.039  31.424  32.153
            0.000000  0.825000  0.525000
  -5.940  -2.685  -0.070   0.919   6.692   8.073   8.742   9.266  12.096  13.953
  15.649  18.503  19.828  20.600  21.280  23.416  23.756  24.933  25.692  26.700
  28.545  29.407  31.699  32.093
           -0.000000  0.800000  0.600000
  -5.932  -2.714  -0.133   1.099   6.124   8.323   9.084   9.359  11.877  14.061
  15.468  18.716  19.996  20.229  21.426  23.251  23.831  24.859  25.530  27.150
  28.240  29.512  31.586  32.480
           -0.000000  0.775000  0.675000
  -5.914  -2.755  -0.144   1.234   5.688   8.094   9.503   9.678  11.775  14.249
  15.278  18.966  19.832  20.150  21.592  22.909  23.978  24.894  25.428  27.212
  28.142  29.158  31.612  32.216
            0.000000  0.750000  0.750000
  -5.888  -2.797  -0.102   1.246   5.493   7.749   9.844   9.854  11.868  14.514
  15.110  19.067  19.538  20.294  21.812  22.642  24.067  25.034  25.153  26.973
  28.357  28.666  31.345  32.125
            0.000000  0.725000  0.775000
  -5.886  -2.797  -0.098   1.225   5.530   7.750   9.783   9.867  11.892  14.491
  15.142  18.997  19.604  20.301  21.817  22.665  24.042  25.025  25.140  27.003
  28.272  28.744  31.361  32.124
            0.000000  0.700000  0.800000
  -5.880  -2.797  -0.087   1.163   5.637   7.755   9.675   9.834  11.961  14.434
  15.225  18.852  19.728  20.332  21.831  22.727  23.969  24.983  25.130  27.077
  28.128  28.864  31.411  32.121
            0.000000  0.675000  0.825000
  -5.872  -2.797  -0.069   1.069   5.807   7.761   9.535   9.755  12.063  14.359
  15.340  18.692  19.829  20.415  21.856  22.815  23.851  24.908  25.148  27.152
  28.009  28.942  31.503  32.119
            0.000000  0.650000  0.850000
  -5.860  -2.797  -0.043   0.952   6.030   7.769   9.374   9.639  12.187  14.273
  15.468  18.537  19.882  20.567  21.890  22.903  23.697  24.833  25.191  27.168
  27.955  28.957  31.644  32.128
            0.000000  0.625000  0.875000
  -5.846  -2.799  -0.011   0.824   6.293   7.776   9.199   9.496  12.320  14.185
  15.597  18.397  19.903  20.771  21.932  22.959  23.525  24.788  25.254  27.086
  27.971  28.923  31.836  32.166
            0.000000  0.600000  0.900000
  -5.832  -2.801   0.027   0.694   6.586   7.779   9.018   9.338  12.451  14.099
  15.713  18.278  19.917  21.003  21.980  22.946  23.361  24.793  25.336  26.920
  28.007  28.881  32.057  32.248
            0.000000  0.575000  0.925000
  -5.817  -2.804   0.070   0.571   6.895   7.775   8.838   9.179  12.569  14.021
  15.807  18.184  19.933  21.247  22.029  22.841  23.231  24.853  25.436  26.699
  28.014  28.873  32.234  32.421
            0.000000  0.550000  0.950000
  -5.805  -2.807   0.116   0.464   7.203   7.755   8.669   9.036  12.661  13.959
  15.872  18.120  19.956  21.486  22.080  22.673  23.129  24.947  25.554  26.446
  27.992  28.901  32.335  32.678
            0.000000  0.525000  0.975000
  -5.796  -2.811   0.158   0.382   7.477   7.715   8.531   8.928  12.719  13.922
  15.908  18.084  19.978  21.679  22.149  22.485  23.052  25.039  25.683  26.204
  27.965  28.936  32.395  32.939
            0.000000  0.500000  1.000000
  -5.792  -2.812   0.177   0.350   7.629   7.661   8.472   8.883  12.737  13.910
  15.917  18.074  19.988  21.753  22.266  22.322  23.021  25.080  25.762  26.078
  27.953  28.951  32.413  33.088
            0.000000  0.450000  0.900000
  -5.859  -2.754   0.082   0.583   7.328   7.508   8.476   9.350  12.542  13.944
  15.852  18.211  19.809  21.267  21.541  23.059  23.469  24.912  25.777  26.322
  28.251  28.952  31.855  32.319
           -0.000000  0.400000  0.800000
  -6.077  -2.538   0.131   0.932   7.038   7.110   8.416   9.872  12.485  13.730
  15.855  18.361  19.396  20.587  20.779  23.247  24.102  24.900  26.387  26.665
  28.569  29.164  30.698  32.509
           -0.000000  0.350000  0.700000
  -6.415  -2.142   0.351   1.315   6.740   6.777   8.420   9.697  12.810  13.482
  15.741  18.194  19.243  19.831  20.377  22.554  24.525  25.479  26.487  27.528
  28.610  29.854  30.536  33.016
           -0.000000  0.300000  0.600000
  -6.810  -1.589   0.705   1.706   6.447   6.524   8.466   9.130  12.518  13.900
  15.291  17.888  19.228  19.366  20.260  21.800  24.750  25.665  26.217  28.498
  29.317  30.265  30.757  32.212
            0.000000  0.250000  0.500000
  -7.205  -0.907   1.158   2.084   6.238   6.262   8.417   8.503  12.139  14.068
  14.712  17.520  18.784  19.623  20.210  21.620  24.101  26.124  26.577  28.123
  29.690  30.428  31.441  33.183
            0.000000  0.200000  0.400000
  -7.560  -0.120   1.674   2.435   5.964   6.117   7.802   8.214  12.042  13.745
  14.268  17.114  18.058  19.635  20.637  22.043  23.628  25.897  27.030  27.831
  29.977  30.660  32.068  34.687
            0.000000  0.150000  0.300000
  -7.854   0.752   2.215   2.749   5.617   6.074   7.197   7.648  12.350  13.176
  14.045  16.782  17.383  18.793  21.550  22.718  23.500  24.830  28.019  28.393
  30.147  30.641  32.100  36.133
           -0.000000  0.100000  0.200000
  -8.071   1.682   2.724   3.013   5.185   6.090   6.676   6.933  12.587  12.972
  13.997  16.577  16.885  17.809  21.509  23.518  23.784  24.440  28.950  29.234
  30.179  30.544  31.801  36.530
           -0.000000  0.050000  0.100000
  -8.204   2.624   3.116   3.201   4.600   6.129   6.296   6.358  12.160  13.676
  14.031  16.499  16.587  16.920  20.867  24.222  24.261  24.446  29.642  29.887
  30.049  30.885  31.500  36.059
            0.000000  0.000000  0.000000
  -8.249   3.271   3.271   3.271   4.072   6.148   6.148   6.148  12.001  14.055
  14.055  16.489  16.489  16.489  20.569  24.477  24.477  24.477  29.967  29.967
  29.967  31.350  31.350  35.826
