 &plot nbnd=  24, nks=    51 /
            0.500000  0.500000  0.500000
  -5.203  -1.572   3.799   3.799   6.373   9.220   9.220  13.530  16.197  16.555
  16.555  16.953  16.953  17.310  24.529  25.755  27.040  27.040  27.911  27.911
  31.292  31.605  31.605  32.795
            0.450000  0.450000  0.450000
  -5.290  -1.427   3.816   3.816   6.395   9.231   9.231  13.489  15.719  15.785
  15.785  17.802  17.802  17.845  23.571  26.817  26.249  26.249  28.516  28.516
  30.792  31.549  31.549  33.069
            0.400000  0.400000  0.400000
  -5.513  -1.032   3.867   3.867   6.459   9.255   9.255  13.286  15.124  14.952
  14.952  18.866  18.866  18.620  22.392  28.366  25.105  25.105  29.109  29.109
  29.701  31.435  31.435  33.842
            0.350000  0.350000  0.350000
  -5.802  -0.456   3.949   3.949   6.564   9.274   9.274  12.765  14.871  14.249
  14.249  19.912  19.912  18.972  21.762  28.389  24.029  24.029  29.402  29.402
  30.034  31.308  31.308  34.609
            0.300000  0.300000  0.300000
  -6.105   0.242   4.061   4.061   6.705   9.256   9.256  11.996  14.920  13.720
  13.720  20.666  20.666  18.464  22.120  27.131  23.336  23.336  29.485  29.485
  31.637  31.174  31.174  34.303
            0.250000  0.250000  0.250000
  -6.389   1.026   4.197   4.197   6.871   9.167   9.167  11.134  15.082  13.402
  13.402  20.526  20.526  17.614  22.940  25.994  23.647  23.647  29.460  29.460
  32.857  31.034  31.034  34.272
            0.200000  0.200000  0.200000
  -6.635   1.867   4.351   4.351   7.042   8.996   8.996  10.257  15.144  13.307
  13.307  19.770  19.770  16.950  23.524  25.343  24.690  24.690  29.394  29.394
  32.726  30.883  30.883  35.464
            0.150000  0.150000  0.150000
  -6.834   2.741   4.508   4.508   7.174   8.771   8.771   9.422  14.855  13.402
  13.402  18.932  18.932  16.808  23.112  25.860  25.924  25.924  29.323  29.323
  32.066  30.712  30.712  35.962
            0.100000  0.100000  0.100000
  -6.979   3.612   4.651   4.651   7.158   8.545   8.545   8.740  14.378  13.614
  13.614  18.190  18.190  17.044  22.373  26.881  27.156  27.156  29.277  29.277
  31.244  30.489  30.489  35.820
            0.050000  0.050000  0.050000
  -7.067   4.396   4.753   4.753   6.854   8.379   8.379   8.392  14.008  13.836
  13.836  17.657  17.657  17.330  21.795  27.945  28.205  28.205  29.315  29.315
  30.339  30.152  30.152  35.732
            0.000000  0.000000  0.000000
  -7.097   4.790   4.790   4.790   6.584   8.318   8.318   8.318  13.873  13.934
  13.934  17.457  17.457  17.457  21.573  28.651  28.651  28.651  29.627  29.627
  29.690  29.690  29.690  35.703
            0.000000  0.100000  0.000000
  -7.057   4.391   4.675   4.675   6.972   8.226   8.484   8.484  13.633  13.981
  14.054  17.531  17.531  17.657  21.876  27.819  27.819  28.712  28.783  29.208
  30.339  30.339  30.393  35.977
            0.000000  0.200000  0.000000
  -6.939   3.623   4.384   4.384   7.634   8.038   8.925   8.925  12.975  14.124
  14.556  17.753  17.753  18.095  22.719  26.547  26.547  27.810  28.903  28.203
  31.088  31.088  30.950  36.761
            0.000000  0.300000  0.000000
  -6.744   2.780   4.014   4.014   7.574   8.433   9.542   9.542  12.351  14.362
  15.295  18.111  18.111  18.612  23.930  25.239  25.239  26.787  29.252  26.956
  31.630  31.630  31.305  37.611
            0.000000  0.400000  0.000000
  -6.475   1.930   3.635   3.635   7.241   8.741  10.265  10.265  12.131  14.694
  16.185  18.579  18.579  19.201  25.282  23.992  23.992  25.774  29.822  25.640
  31.993  31.993  31.432  36.446
            0.000000  0.500000  0.000000
  -6.137   1.091   3.283   3.283   6.927   8.557  11.052  11.052  12.514  15.121
  17.139  19.068  19.068  19.889  24.782  22.921  22.921  26.598  30.667  24.331
  32.126  32.126  31.338  35.137
            0.000000  0.600000  0.000000
  -5.736   0.279   2.978   2.978   6.672   8.098  11.881  11.881  13.289  15.640
  18.040  19.304  19.304  20.701  23.978  22.315  22.315  27.637  30.646  23.064
  31.701  31.701  32.066  33.808
            0.000000  0.700000  0.000000
  -5.289  -0.493   2.733   2.733   6.493   7.600  12.734  12.734  14.219  16.251
  18.669  18.914  18.914  21.640  23.542  22.554  22.554  28.389  29.715  21.860
  30.523  30.523  31.793  32.877
            0.000000  0.800000  0.000000
  -4.824  -1.191   2.555   2.555   6.403   7.164  13.583  13.583  15.178  16.948
  18.760  18.121  18.121  22.663  23.760  23.431  23.431  28.478  28.748  20.734
  29.033  29.033  30.437  32.158
            0.000000  0.900000  0.000000
  -4.414  -1.741   2.446   2.446   6.404   6.836  14.351  14.351  16.061  17.716
  18.368  17.317  17.317  23.649  24.581  24.608  24.608  27.296  27.970  19.707
  27.510  27.510  30.188  31.569
            0.000000  1.000000  0.000000
  -4.230  -1.972   2.410   2.410   6.446   6.684  14.736  14.736  16.534  18.317
  18.028  16.912  16.912  24.198  25.221  25.721  25.721  26.759  27.119  19.018
  26.283  26.283  30.385  31.260
            0.000000  0.975000  0.075000
  -4.240  -1.948   2.356   2.367   6.551   6.807  14.488  14.603  16.086  16.648
  17.317  18.194  18.611  23.964  24.769  19.286  25.403  25.793  26.458  26.489
  27.182  27.451  30.182  31.071
            0.000000  0.950000  0.150000
  -4.265  -1.883   2.210   2.263   6.856   7.151  13.720  14.283  15.637  16.425
  17.558  18.371  19.235  23.333  20.114  24.213  25.013  25.884  26.638  26.704
  27.977  28.175  29.769  30.749
           -0.000000  0.925000  0.225000
  -4.299  -1.794   2.008   2.153   7.327   7.661  12.699  13.824  15.218  16.398
  17.600  18.668  19.837  21.240  22.619  23.695  24.804  25.964  26.729  26.831
  28.255  29.000  29.548  30.965
           -0.000000  0.900000  0.300000
  -4.334  -1.704   1.789   2.086   7.923   8.291  11.629  13.265  14.848  16.354
  17.672  18.989  20.418  22.015  22.398  23.262  24.753  25.993  26.553  26.643
  28.188  29.464  29.975  32.005
            0.000000  0.875000  0.375000
  -4.362  -1.638   1.585   2.098   8.602   9.001  10.598  12.659  14.521  16.175
  17.858  19.317  20.823  21.761  22.698  23.645  24.841  25.562  26.207  26.435
  28.219  29.972  30.657  33.377
            0.000000  0.850000  0.450000
  -4.379  -1.607   1.414   2.200   9.152   9.652   9.934  12.061  14.212  15.866
  18.139  19.654  20.850  21.976  22.476  24.196  24.746  25.098  25.900  26.603
  28.352  30.475  31.302  33.486
            0.000000  0.825000  0.525000
  -4.381  -1.615   1.290   2.380   8.542  10.280  10.542  11.580  13.908  15.472
  18.468  20.003  20.808  22.068  22.537  23.681  24.310  25.029  26.542  26.883
  28.430  30.453  32.156  33.057
           -0.000000  0.800000  0.600000
  -4.369  -1.652   1.220   2.593   7.796  10.556  11.174  11.781  13.606  15.050
  18.801  20.363  20.877  21.960  22.246  23.235  23.838  25.308  27.155  27.420
  28.291  29.918  32.491  32.745
           -0.000000  0.775000  0.675000
  -4.343  -1.704   1.208   2.761   7.240  10.121  12.024  12.486  13.321  14.698
  19.065  20.698  21.037  21.534  21.847  22.572  24.193  25.608  27.529  27.911
  28.040  29.077  31.768  32.448
            0.000000  0.750000  0.750000
  -4.306  -1.758   1.256   2.787   6.983   9.646  12.705  12.969  13.229  14.664
  19.070  20.689  20.986  21.418  21.557  22.378  24.703  25.763  27.499  27.714
  28.303  28.394  31.223  32.061
            0.000000  0.725000  0.775000
  -4.303  -1.758   1.260   2.760   7.027   9.650  12.568  12.892  13.365  14.741
  19.008  20.634  20.952  21.518  21.630  22.390  24.703  25.708  27.480  27.599
  28.338  28.493  31.242  32.046
            0.000000  0.700000  0.800000
  -4.296  -1.759   1.272   2.686   7.157   9.660  12.310  12.693  13.619  14.937
  18.845  20.424  21.024  21.646  21.869  22.425  24.702  25.561  27.181  27.680
  28.240  28.783  31.303  32.014
            0.000000  0.675000  0.825000
  -4.284  -1.761   1.292   2.573   7.361   9.677  12.028  12.428  13.895  15.195
  18.628  20.151  21.156  21.824  22.158  22.485  24.698  25.361  26.825  27.776
  28.112  29.073  31.410  32.002
            0.000000  0.650000  0.850000
  -4.268  -1.764   1.320   2.435   7.628   9.700  11.740  12.132  14.173  15.471
  18.394  19.866  21.294  22.059  22.447  22.578  24.688  25.146  26.463  27.633
  28.156  29.320  31.569  32.048
            0.000000  0.625000  0.875000
  -4.249  -1.768   1.355   2.286   7.944   9.728  11.455  11.826  14.447  15.733
  18.173  19.581  21.434  22.310  22.648  22.794  24.650  24.961  26.106  27.293
  28.325  29.501  31.783  32.180
            0.000000  0.600000  0.900000
  -4.229  -1.774   1.397   2.135   8.299   9.760  11.175  11.520  14.711  15.951
  17.998  19.303  21.584  22.501  22.840  23.091  24.552  24.863  25.760  26.873
  28.513  29.606  32.051  32.403
            0.000000  0.575000  0.925000
  -4.209  -1.781   1.446   1.994   8.680   9.792  10.906  11.223  14.961  16.087
  17.905  19.035  21.748  22.583  23.101  23.393  24.427  24.841  25.431  26.415
  28.704  29.632  32.367  32.708
            0.000000  0.550000  0.950000
  -4.191  -1.788   1.498   1.870   9.071   9.819  10.656  10.948  15.188  16.118
  17.917  18.785  21.928  22.575  23.367  23.695  24.339  24.838  25.136  25.961
  28.895  29.586  32.724  33.077
            0.000000  0.525000  0.975000
  -4.178  -1.795   1.548   1.775   9.428   9.838  10.451  10.715  15.370  16.069
  18.013  18.569  22.118  22.489  23.581  23.983  24.299  24.766  24.944  25.597
  29.085  29.476  33.112  33.492
            0.000000  0.500000  1.000000
  -4.173  -1.798   1.573   1.734   9.587   9.863  10.366  10.595  15.448  16.028
  18.089  18.461  22.267  22.375  23.677  24.142  24.282  24.663  24.884  25.465
  29.228  29.357  33.504  33.546
            0.000000  0.450000  0.900000
  -4.270  -1.712   1.461   2.002   9.247   9.640  10.097  11.622  14.720  16.163
  17.862  19.220  21.351  22.368  22.899  23.960  24.664  24.942  25.677  25.984
  28.507  30.142  31.700  33.758
           -0.000000  0.400000  0.800000
  -4.568  -1.417   1.515   2.390   8.831   9.351   9.899  12.978  13.810  15.567
  18.441  19.762  20.251  21.247  22.171  24.219  24.983  25.366  26.357  27.351
  28.291  29.812  31.380  33.570
           -0.000000  0.350000  0.700000
  -4.999  -0.927   1.756   2.814   8.467   9.128   9.841  12.603  14.297  15.185
  18.316  19.315  19.865  20.553  22.191  23.608  24.920  25.702  27.430  27.911
  28.853  29.871  32.504  33.333
           -0.000000  0.300000  0.600000
  -5.473  -0.284   2.140   3.242   8.191   8.942   9.921  11.693  13.806  16.193
  16.935  18.873  19.650  20.853  21.792  23.624  24.437  26.184  26.649  29.395
  29.823  31.098  31.762  33.676
            0.000000  0.250000  0.500000
  -5.930   0.480   2.626   3.647   8.013   8.737  10.118  10.840  13.160  15.518
  16.764  18.281  19.697  20.947  21.522  23.739  24.545  26.272  26.745  29.376
  30.029  31.549  33.335  33.937
            0.000000  0.200000  0.400000
  -6.332   1.343   3.176   4.008   7.928   8.481  10.066  10.283  12.613  14.582
  16.303  17.813  19.080  20.960  22.039  23.973  25.602  25.774  27.313  28.297
  30.404  32.346  33.658  34.724
            0.000000  0.150000  0.300000
  -6.660   2.288   3.741   4.317   7.872   8.220   9.396   9.973  12.525  14.109
  15.504  17.515  18.349  19.859  23.795  24.061  25.516  26.729  27.938  28.108
  30.661  31.946  32.748  36.387
           -0.000000  0.100000  0.200000
  -6.901   3.284   4.260   4.564   7.577   8.178   8.844   9.196  13.006  13.952
  14.697  17.397  17.841  18.745  22.893  25.755  26.568  27.795  28.306  28.616
  30.695  31.226  31.648  36.505
           -0.000000  0.050000  0.100000
  -7.048   4.249   4.644   4.730   7.013   8.269   8.461   8.539  13.627  13.930
  14.097  17.419  17.551  17.843  21.942  27.559  27.787  28.770  28.547  29.260
  30.356  30.424  30.513  35.923
            0.000000  0.000000  0.000000
  -7.097   4.790   4.790   4.790   6.584   8.318   8.318   8.318  13.873  13.934
  13.934  17.457  17.457  17.457  21.573  28.651  28.651  28.651  29.690  29.627
  29.627  29.690  29.690  35.703
